1-1 0.03125,0.06000000000000005,0.03125,0.0625,0.005208333333333259,0.03125,0.03125,0.0625,0.26041666666666663,0.03125,-1,-1,-1,-1,-1,-1,-1 1.0,1.0,1.0,1.0,1.0,1.0,1.0,1.0,1.0,1.0,1.0,1.0,1.0,1.0,1.0,1.0,1.0 1.0,1.0,1.0,1.0,0.9386281588447654,1.0,1.0,1.0,0.9737827715355806,1.0,1.0,1.0,1.0,1.0,1.0,1.0,1.0 0.05882352941176472 1 2,25,2,2,2,2,2,2,2,2,1,1,1,1,1,1,1 
1-3 0.03125,0.06000000000000005,0.03125,0.0625,0.005208333333333259,0.03125,0.03125,0.0625,0.26041666666666663,0.03125,-1,-1,-1,-1,-1,-1,-1 1.0,1.0,1.0,1.0,1.0,1.0,1.0,1.0,1.0,1.0,1.0,1.0,1.0,1.0,1.0,1.0,1.0 1.0,1.0,1.0,1.0,0.9386281588447654,1.0,1.0,1.0,0.9737827715355806,1.0,1.0,1.0,1.0,1.0,1.0,1.0,1.0 0.05882352941176472 1 2,25,2,2,2,2,2,2,2,2,1,1,1,1,1,1,1 
1-5 0.03125,0.06000000000000005,0.03125,0.0625,0.005208333333333259,0.03125,0.03125,0.0625,0.26041666666666663,0.03125,-1,-1,-1,-1,-1,-1,-1 1.0,1.0,1.0,1.0,1.0,1.0,1.0,1.0,1.0,1.0,1.0,1.0,1.0,1.0,1.0,1.0,1.0 1.0,1.0,1.0,1.0,0.9386281588447654,1.0,1.0,1.0,0.9737827715355806,1.0,1.0,1.0,1.0,1.0,1.0,1.0,1.0 0.05882352941176472 1 2,25,2,2,2,2,2,2,2,2,1,1,1,1,1,1,1 
1-6 0.03125,0.06000000000000005,0.03125,0.0625,0.005208333333333259,0.03125,0.03125,0.0625,0.26041666666666663,0.03125,-1,-1,-1,-1,-1,-1,-1 1.0,1.0,1.0,1.0,1.0,1.0,1.0,1.0,1.0,1.0,1.0,1.0,1.0,1.0,1.0,1.0,1.0 1.0,1.0,1.0,1.0,0.9386281588447654,1.0,1.0,1.0,0.9737827715355806,1.0,1.0,1.0,1.0,1.0,1.0,1.0,1.0 0.05882352941176472 1 2,25,2,2,2,2,2,2,2,2,1,1,1,1,1,1,1 
3-1 0.8410618279569892,0.41022727272727266,0.13484848484848477,0.8185606060606061 0.78125,0.3333333333333333,0.3333333333333333,0.3333333333333333 1.0,1.0,1.0,0.9027777777777778 1.0 1 32,6,6,6 
3-3 0.8410618279569892,0.41022727272727266,0.13484848484848477,0.8185606060606061 1.0,1.0,1.0,1.0 1.0,1.0,1.0,0.9027777777777778 1.0 1 32,6,6,6 
3-5 0.8410618279569892,0.41022727272727266,0.13484848484848477,0.8185606060606061 1.0,1.0,1.0,1.0 1.0,1.0,1.0,0.9027777777777778 1.0 1 32,6,6,6 
3-6 0.8410618279569892,0.41022727272727266,0.13484848484848477,0.8185606060606061 1.0,1.0,1.0,1.0 1.0,1.0,1.0,0.9027777777777778 1.0 1 32,6,6,6 
5-1 -2 0.5 0.14375000000000004 1.0 -1 50 
5-3 -2 1.0 0.14375000000000004 1.0 -1 50 
5-5 -2 1.0 0.14375000000000004 1.0 -1 50 
5-6 -2 1.0 0.14375000000000004 1.0 -1 50 
6-1 -2 0.5 0.14375000000000004 1.0 -1 50 
6-3 -2 1.0 0.14375000000000004 1.0 -1 50 
6-5 -2 1.0 0.14375000000000004 1.0 -1 50 
6-6 -2 1.0 0.14375000000000004 1.0 -1 50 
