1-1 0.26041666666666663,0.48,0.26041666666666663,0.26041666666666663,0.26041666666666663,0.26041666666666663,0.26041666666666663,0.26041666666666663,0.26041666666666663,0.26041666666666663,-1,-1,-1,-1,-1,-1,-1 1.0,1.0,1.0,1.0,1.0,1.0,1.0,1.0,1.0,1.0,1.0,1.0,1.0,1.0,1.0,1.0,1.0 1.0,1.0,1.0,1.0,1.0,1.0,1.0,1.0,1.0,1.0,1.0,1.0,1.0,1.0,1.0,1.0,1.0 0.05882352941176472 1 2,25,2,2,2,2,2,2,2,2,1,1,1,1,1,1,1 
3-1 0.26041666666666663,0.48,0.26041666666666663,0.26041666666666663,0.26041666666666663,0.26041666666666663,0.26041666666666663,0.26041666666666663,0.26041666666666663,0.26041666666666663,-1,-1,-1,-1,-1,-1,-1 1.0,1.0,1.0,1.0,1.0,1.0,1.0,1.0,1.0,1.0,1.0,1.0,1.0,1.0,1.0,1.0,1.0 1.0,1.0,1.0,1.0,1.0,1.0,1.0,1.0,1.0,1.0,1.0,1.0,1.0,1.0,1.0,1.0,1.0 0.05882352941176472 1 2,25,2,2,2,2,2,2,2,2,1,1,1,1,1,1,1 
5-1 0.26041666666666663,0.48,0.26041666666666663,0.26041666666666663,0.26041666666666663,0.26041666666666663,0.26041666666666663,0.26041666666666663,0.26041666666666663,0.26041666666666663,-1,-1,-1,-1,-1,-1,-1 1.0,1.0,1.0,1.0,1.0,1.0,1.0,1.0,1.0,1.0,1.0,1.0,1.0,1.0,1.0,1.0,1.0 1.0,1.0,1.0,1.0,1.0,1.0,1.0,1.0,1.0,1.0,1.0,1.0,1.0,1.0,1.0,1.0,1.0 0.05882352941176472 1 2,25,2,2,2,2,2,2,2,2,1,1,1,1,1,1,1 
6-1 0.26041666666666663,0.48,0.26041666666666663,0.26041666666666663,0.26041666666666663,0.26041666666666663,0.26041666666666663,0.26041666666666663,0.26041666666666663,0.26041666666666663,-1,-1,-1,-1,-1,-1,-1 1.0,1.0,1.0,1.0,1.0,1.0,1.0,1.0,1.0,1.0,1.0,1.0,1.0,1.0,1.0,1.0,1.0 1.0,1.0,1.0,1.0,1.0,1.0,1.0,1.0,1.0,1.0,1.0,1.0,1.0,1.0,1.0,1.0,1.0 0.05882352941176472 1 2,25,2,2,2,2,2,2,2,2,1,1,1,1,1,1,1 
1-3 -2 0.5 1.0 1.0 -1 50 
3-3 -2 0.64 1.0 1.0 -1 50 
5-3 -2 1.0 1.0 1.0 -1 50 
6-3 -2 1.0 1.0 1.0 -1 50 
1-5 -2 0.5 1.0 1.0 -1 50 
3-5 -2 0.64 1.0 1.0 -1 50 
5-5 -2 1.0 1.0 1.0 -1 50 
6-5 -2 1.0 1.0 1.0 -1 50 
1-6 -2 0.5 1.0 1.0 -1 50 
3-6 -2 0.64 1.0 1.0 -1 50 
5-6 -2 1.0 1.0 1.0 -1 50 
6-6 -2 1.0 1.0 1.0 -1 50 
