0-8 -2 0.5 0.7291311754684838 0.0 -1 2 
2-8 -2 0.5 0.7291311754684838 0.0 -1 2 
3-8 -2 0.5 0.7291311754684838 0.0 -1 2 
4-8 -2 0.5 0.7291311754684838 0.0 -1 2 
5-8 -2 0.5 0.7291311754684838 0.0 -1 2 
8-8 -2 1.0 0.7291311754684838 0.0 -1 2 
9-8 -2 1.0 0.7291311754684838 0.0 -1 2 
11-8 -2 1.0 0.7291311754684838 0.0 -1 2 
13-8 -2 1.0 0.7291311754684838 0.0 -1 2 
20-8 -2 0.5 0.7291311754684838 0.0 -1 2 
24-8 -2 0.5 0.7291311754684838 0.0 -1 2 
25-8 -2 0.5 0.7291311754684838 0.0 -1 2 
39-8 -2 1.0 0.7291311754684838 0.0 -1 2 
40-8 -2 0.5 0.7291311754684838 0.0 -1 2 
41-8 -2 0.5 0.7291311754684838 0.0 -1 2 
94-8 -2 0.5 0.7291311754684838 0.0 -1 2 
95-8 -2 0.5 0.7291311754684838 0.0 -1 2 
96-8 -2 0.5 0.7291311754684838 0.0 -1 2 
97-8 -2 0.5 0.7291311754684838 0.0 -1 2 
98-8 -2 0.5 0.7291311754684838 0.0 -1 2 
102-8 -2 0.5 0.7291311754684838 0.0 -1 2 
103-8 -2 0.5 0.7291311754684838 0.0 -1 2 
104-8 -2 0.5 0.7291311754684838 0.0 -1 2 
106-8 -2 0.5 0.7291311754684838 0.0 -1 2 
107-8 -2 0.5 0.7291311754684838 0.0 -1 2 
108-8 -2 0.5 0.7291311754684838 0.0 -1 2 
109-8 -2 0.5 0.7291311754684838 0.0 -1 2 
110-8 -2 0.5 0.7291311754684838 0.0 -1 2 
111-8 -2 0.5 0.7291311754684838 0.0 -1 2 
112-8 -2 0.5 0.7291311754684838 0.0 -1 2 
0-11 -2 0.5 0.7291311754684838 0.0 -1 2 
2-11 -2 0.5 0.7291311754684838 0.0 -1 2 
3-11 -2 0.5 0.7291311754684838 0.0 -1 2 
4-11 -2 0.5 0.7291311754684838 0.0 -1 2 
5-11 -2 0.5 0.7291311754684838 0.0 -1 2 
8-11 -2 1.0 0.7291311754684838 0.0 -1 2 
9-11 -2 1.0 0.7291311754684838 0.0 -1 2 
11-11 -2 1.0 0.7291311754684838 0.0 -1 2 
13-11 -2 1.0 0.7291311754684838 0.0 -1 2 
20-11 -2 0.5 0.7291311754684838 0.0 -1 2 
24-11 -2 0.5 0.7291311754684838 0.0 -1 2 
25-11 -2 0.5 0.7291311754684838 0.0 -1 2 
39-11 -2 1.0 0.7291311754684838 0.0 -1 2 
40-11 -2 0.5 0.7291311754684838 0.0 -1 2 
41-11 -2 0.5 0.7291311754684838 0.0 -1 2 
94-11 -2 0.5 0.7291311754684838 0.0 -1 2 
95-11 -2 0.5 0.7291311754684838 0.0 -1 2 
96-11 -2 0.5 0.7291311754684838 0.0 -1 2 
97-11 -2 0.5 0.7291311754684838 0.0 -1 2 
98-11 -2 0.5 0.7291311754684838 0.0 -1 2 
102-11 -2 0.5 0.7291311754684838 0.0 -1 2 
103-11 -2 0.5 0.7291311754684838 0.0 -1 2 
104-11 -2 0.5 0.7291311754684838 0.0 -1 2 
106-11 -2 0.5 0.7291311754684838 0.0 -1 2 
107-11 -2 0.5 0.7291311754684838 0.0 -1 2 
108-11 -2 0.5 0.7291311754684838 0.0 -1 2 
109-11 -2 0.5 0.7291311754684838 0.0 -1 2 
110-11 -2 0.5 0.7291311754684838 0.0 -1 2 
111-11 -2 0.5 0.7291311754684838 0.0 -1 2 
112-11 -2 0.5 0.7291311754684838 0.0 -1 2 
