1-1 -2 1.0 1.0 1.0 -1 50 
3-1 -2 1.0 1.0 1.0 -1 50 
7-1 -2 1.0 1.0 1.0 -1 50 
15-1 -2 1.0 1.0 1.0 -1 50 
24-1 -2 1.0 1.0 1.0 -1 50 
33-1 -2 1.0 1.0 1.0 -1 50 
42-1 -2 1.0 1.0 1.0 -1 50 
51-1 -2 1.0 1.0 1.0 -1 50 
53-1 -2 1.0 1.0 1.0 -1 50 
54-1 -2 1.0 1.0 1.0 -1 50 
1-3 -2 1.0 1.0 1.0 -1 50 
3-3 -2 1.0 1.0 1.0 -1 50 
7-3 -2 1.0 1.0 1.0 -1 50 
15-3 -2 1.0 1.0 1.0 -1 50 
24-3 -2 1.0 1.0 1.0 -1 50 
33-3 -2 1.0 1.0 1.0 -1 50 
42-3 -2 1.0 1.0 1.0 -1 50 
51-3 -2 1.0 1.0 1.0 -1 50 
53-3 -2 1.0 1.0 1.0 -1 50 
54-3 -2 1.0 1.0 1.0 -1 50 
1-7 -2 1.0 1.0 1.0 -1 50 
3-7 -2 1.0 1.0 1.0 -1 50 
7-7 -2 1.0 1.0 1.0 -1 50 
15-7 -2 1.0 1.0 1.0 -1 50 
24-7 -2 1.0 1.0 1.0 -1 50 
33-7 -2 1.0 1.0 1.0 -1 50 
42-7 -2 1.0 1.0 1.0 -1 50 
51-7 -2 1.0 1.0 1.0 -1 50 
53-7 -2 1.0 1.0 1.0 -1 50 
54-7 -2 1.0 1.0 1.0 -1 50 
1-15 -2 1.0 1.0 1.0 -1 50 
3-15 -2 1.0 1.0 1.0 -1 50 
7-15 -2 1.0 1.0 1.0 -1 50 
15-15 -2 1.0 1.0 1.0 -1 50 
24-15 -2 1.0 1.0 1.0 -1 50 
33-15 -2 1.0 1.0 1.0 -1 50 
42-15 -2 1.0 1.0 1.0 -1 50 
51-15 -2 1.0 1.0 1.0 -1 50 
53-15 -2 1.0 1.0 1.0 -1 50 
54-15 -2 1.0 1.0 1.0 -1 50 
1-24 -2 1.0 1.0 1.0 -1 50 
3-24 -2 1.0 1.0 1.0 -1 50 
7-24 -2 1.0 1.0 1.0 -1 50 
15-24 -2 1.0 1.0 1.0 -1 50 
24-24 -2 1.0 1.0 1.0 -1 50 
33-24 -2 1.0 1.0 1.0 -1 50 
42-24 -2 1.0 1.0 1.0 -1 50 
51-24 -2 1.0 1.0 1.0 -1 50 
53-24 -2 1.0 1.0 1.0 -1 50 
54-24 -2 1.0 1.0 1.0 -1 50 
1-33 -2 1.0 1.0 1.0 -1 50 
3-33 -2 1.0 1.0 1.0 -1 50 
7-33 -2 1.0 1.0 1.0 -1 50 
15-33 -2 1.0 1.0 1.0 -1 50 
24-33 -2 1.0 1.0 1.0 -1 50 
33-33 -2 1.0 1.0 1.0 -1 50 
42-33 -2 1.0 1.0 1.0 -1 50 
51-33 -2 1.0 1.0 1.0 -1 50 
53-33 -2 1.0 1.0 1.0 -1 50 
54-33 -2 1.0 1.0 1.0 -1 50 
1-42 -2 1.0 1.0 1.0 -1 50 
3-42 -2 1.0 1.0 1.0 -1 50 
7-42 -2 1.0 1.0 1.0 -1 50 
15-42 -2 1.0 1.0 1.0 -1 50 
24-42 -2 1.0 1.0 1.0 -1 50 
33-42 -2 1.0 1.0 1.0 -1 50 
42-42 -2 1.0 1.0 1.0 -1 50 
51-42 -2 1.0 1.0 1.0 -1 50 
53-42 -2 1.0 1.0 1.0 -1 50 
54-42 -2 1.0 1.0 1.0 -1 50 
1-51 -2 1.0 1.0 1.0 -1 50 
3-51 -2 1.0 1.0 1.0 -1 50 
7-51 -2 1.0 1.0 1.0 -1 50 
15-51 -2 1.0 1.0 1.0 -1 50 
24-51 -2 1.0 1.0 1.0 -1 50 
33-51 -2 1.0 1.0 1.0 -1 50 
42-51 -2 1.0 1.0 1.0 -1 50 
51-51 -2 1.0 1.0 1.0 -1 50 
53-51 -2 1.0 1.0 1.0 -1 50 
54-51 -2 1.0 1.0 1.0 -1 50 
1-53 -2 1.0 1.0 1.0 -1 50 
3-53 -2 1.0 1.0 1.0 -1 50 
7-53 -2 1.0 1.0 1.0 -1 50 
15-53 -2 1.0 1.0 1.0 -1 50 
24-53 -2 1.0 1.0 1.0 -1 50 
33-53 -2 1.0 1.0 1.0 -1 50 
42-53 -2 1.0 1.0 1.0 -1 50 
51-53 -2 1.0 1.0 1.0 -1 50 
53-53 -2 1.0 1.0 1.0 -1 50 
54-53 -2 1.0 1.0 1.0 -1 50 
1-54 -2 1.0 1.0 1.0 -1 50 
3-54 -2 1.0 1.0 1.0 -1 50 
7-54 -2 1.0 1.0 1.0 -1 50 
15-54 -2 1.0 1.0 1.0 -1 50 
24-54 -2 1.0 1.0 1.0 -1 50 
33-54 -2 1.0 1.0 1.0 -1 50 
42-54 -2 1.0 1.0 1.0 -1 50 
51-54 -2 1.0 1.0 1.0 -1 50 
53-54 -2 1.0 1.0 1.0 -1 50 
54-54 -2 1.0 1.0 1.0 -1 50 
