1-1 0.9412339971550497,0.6215062111801242,0.6948757763975155 0.6842105263157895,-1,0.5 1.0,1.0,1.0 1.0 1 38,8,8 
1-2 0.9412339971550497,0.6215062111801242,0.6948757763975155 1.0,-1,1.0 1.0,1.0,1.0 1.0 1 38,8,8 
1-3 0.9412339971550497,0.6215062111801242,0.6948757763975155 1.0,-1,1.0 1.0,1.0,1.0 1.0 1 38,8,8 
1-5 0.9412339971550497,0.6215062111801242,0.6948757763975155 1.0,-1,1.0 1.0,1.0,1.0 1.0 1 38,8,8 
1-7 0.9412339971550497,0.6215062111801242,0.6948757763975155 0.6842105263157895,-1,0.5 1.0,1.0,1.0 1.0 1 38,8,8 
1-8 0.9412339971550497,0.6215062111801242,0.6948757763975155 0.6842105263157895,-1,0.5 1.0,1.0,1.0 1.0 1 38,8,8 
1-10 0.9412339971550497,0.6215062111801242,0.6948757763975155 0.8947368421052632,-1,1.0 1.0,1.0,1.0 1.0 1 38,8,8 
1-11 0.9412339971550497,0.6215062111801242,0.6948757763975155 0.8947368421052632,-1,1.0 1.0,1.0,1.0 1.0 1 38,8,8 
1-12 0.9412339971550497,0.6215062111801242,0.6948757763975155 0.8947368421052632,-1,1.0 1.0,1.0,1.0 1.0 1 38,8,8 
1-13 0.9412339971550497,0.6215062111801242,0.6948757763975155 0.21052631578947367,-1,0.5 1.0,1.0,1.0 1.0 1 38,8,8 
2-1 -2 0.6521739130434783 0.20941146626078133 1.0 -1 54 
2-2 -2 1.0 0.20941146626078133 1.0 -1 54 
2-3 -2 1.0 0.20941146626078133 1.0 -1 54 
2-5 -2 1.0 0.20941146626078133 1.0 -1 54 
2-7 -2 0.6521739130434783 0.20941146626078133 1.0 -1 54 
2-8 -2 0.6521739130434783 0.20941146626078133 1.0 -1 54 
2-10 -2 0.9130434782608695 0.20941146626078133 1.0 -1 54 
2-11 -2 0.9130434782608695 0.20941146626078133 1.0 -1 54 
2-12 -2 0.9130434782608695 0.20941146626078133 1.0 -1 54 
2-13 -2 0.2608695652173913 0.20941146626078133 1.0 -1 54 
3-1 -2 0.6521739130434783 0.20941146626078133 1.0 -1 54 
3-2 -2 1.0 0.20941146626078133 1.0 -1 54 
3-3 -2 1.0 0.20941146626078133 1.0 -1 54 
3-5 -2 1.0 0.20941146626078133 1.0 -1 54 
3-7 -2 0.6521739130434783 0.20941146626078133 1.0 -1 54 
3-8 -2 0.6521739130434783 0.20941146626078133 1.0 -1 54 
3-10 -2 0.9130434782608695 0.20941146626078133 1.0 -1 54 
3-11 -2 0.9130434782608695 0.20941146626078133 1.0 -1 54 
3-12 -2 0.9130434782608695 0.20941146626078133 1.0 -1 54 
3-13 -2 0.2608695652173913 0.20941146626078133 1.0 -1 54 
5-1 -2 0.6521739130434783 0.20941146626078133 1.0 -1 54 
5-2 -2 1.0 0.20941146626078133 1.0 -1 54 
5-3 -2 1.0 0.20941146626078133 1.0 -1 54 
5-5 -2 1.0 0.20941146626078133 1.0 -1 54 
5-7 -2 0.6521739130434783 0.20941146626078133 1.0 -1 54 
5-8 -2 0.6521739130434783 0.20941146626078133 1.0 -1 54 
5-10 -2 0.9130434782608695 0.20941146626078133 1.0 -1 54 
5-11 -2 0.9130434782608695 0.20941146626078133 1.0 -1 54 
5-12 -2 0.9130434782608695 0.20941146626078133 1.0 -1 54 
5-13 -2 0.2608695652173913 0.20941146626078133 1.0 -1 54 
7-1 0.9412339971550497,0.6215062111801242,0.6948757763975155 0.6842105263157895,-1,0.5 1.0,1.0,1.0 1.0 1 38,8,8 
7-2 0.9412339971550497,0.6215062111801242,0.6948757763975155 1.0,-1,1.0 1.0,1.0,1.0 1.0 1 38,8,8 
7-3 0.9412339971550497,0.6215062111801242,0.6948757763975155 1.0,-1,1.0 1.0,1.0,1.0 1.0 1 38,8,8 
7-5 0.9412339971550497,0.6215062111801242,0.6948757763975155 1.0,-1,1.0 1.0,1.0,1.0 1.0 1 38,8,8 
7-7 0.9412339971550497,0.6215062111801242,0.6948757763975155 0.6842105263157895,-1,0.5 1.0,1.0,1.0 1.0 1 38,8,8 
7-8 0.9412339971550497,0.6215062111801242,0.6948757763975155 0.6842105263157895,-1,0.5 1.0,1.0,1.0 1.0 1 38,8,8 
7-10 0.9412339971550497,0.6215062111801242,0.6948757763975155 0.8947368421052632,-1,1.0 1.0,1.0,1.0 1.0 1 38,8,8 
7-11 0.9412339971550497,0.6215062111801242,0.6948757763975155 0.8947368421052632,-1,1.0 1.0,1.0,1.0 1.0 1 38,8,8 
7-12 0.9412339971550497,0.6215062111801242,0.6948757763975155 0.8947368421052632,-1,1.0 1.0,1.0,1.0 1.0 1 38,8,8 
7-13 0.9412339971550497,0.6215062111801242,0.6948757763975155 0.21052631578947367,-1,0.5 1.0,1.0,1.0 1.0 1 38,8,8 
8-1 0.9412339971550497,0.6215062111801242,0.6948757763975155 0.6842105263157895,-1,0.5 1.0,1.0,1.0 1.0 1 38,8,8 
8-2 0.9412339971550497,0.6215062111801242,0.6948757763975155 1.0,-1,1.0 1.0,1.0,1.0 1.0 1 38,8,8 
8-3 0.9412339971550497,0.6215062111801242,0.6948757763975155 1.0,-1,1.0 1.0,1.0,1.0 1.0 1 38,8,8 
8-5 0.9412339971550497,0.6215062111801242,0.6948757763975155 1.0,-1,1.0 1.0,1.0,1.0 1.0 1 38,8,8 
8-7 0.9412339971550497,0.6215062111801242,0.6948757763975155 0.6842105263157895,-1,0.5 1.0,1.0,1.0 1.0 1 38,8,8 
8-8 0.9412339971550497,0.6215062111801242,0.6948757763975155 0.6842105263157895,-1,0.5 1.0,1.0,1.0 1.0 1 38,8,8 
8-10 0.9412339971550497,0.6215062111801242,0.6948757763975155 0.8947368421052632,-1,1.0 1.0,1.0,1.0 1.0 1 38,8,8 
8-11 0.9412339971550497,0.6215062111801242,0.6948757763975155 0.8947368421052632,-1,1.0 1.0,1.0,1.0 1.0 1 38,8,8 
8-12 0.9412339971550497,0.6215062111801242,0.6948757763975155 0.8947368421052632,-1,1.0 1.0,1.0,1.0 1.0 1 38,8,8 
8-13 0.9412339971550497,0.6215062111801242,0.6948757763975155 0.21052631578947367,-1,0.5 1.0,1.0,1.0 1.0 1 38,8,8 
10-1 -2 0.6521739130434783 0.20941146626078133 1.0 -1 54 
10-2 -2 1.0 0.20941146626078133 1.0 -1 54 
10-3 -2 1.0 0.20941146626078133 1.0 -1 54 
10-5 -2 1.0 0.20941146626078133 1.0 -1 54 
10-7 -2 0.6521739130434783 0.20941146626078133 1.0 -1 54 
10-8 -2 0.6521739130434783 0.20941146626078133 1.0 -1 54 
10-10 -2 0.9130434782608695 0.20941146626078133 1.0 -1 54 
10-11 -2 0.9130434782608695 0.20941146626078133 1.0 -1 54 
10-12 -2 0.9130434782608695 0.20941146626078133 1.0 -1 54 
10-13 -2 0.2608695652173913 0.20941146626078133 1.0 -1 54 
11-1 -2 0.6521739130434783 0.20941146626078133 1.0 -1 54 
11-2 -2 1.0 0.20941146626078133 1.0 -1 54 
11-3 -2 1.0 0.20941146626078133 1.0 -1 54 
11-5 -2 1.0 0.20941146626078133 1.0 -1 54 
11-7 -2 0.6521739130434783 0.20941146626078133 1.0 -1 54 
11-8 -2 0.6521739130434783 0.20941146626078133 1.0 -1 54 
11-10 -2 0.9130434782608695 0.20941146626078133 1.0 -1 54 
11-11 -2 0.9130434782608695 0.20941146626078133 1.0 -1 54 
11-12 -2 0.9130434782608695 0.20941146626078133 1.0 -1 54 
11-13 -2 0.2608695652173913 0.20941146626078133 1.0 -1 54 
12-1 -1,0.6215062111801242,0.6948757763975155,-1,0.07211538461538458,-1,-1,-1,-1,-1,0.07692307692307687,0.07211538461538458,0.038461538461538436,-1,-1,-1,0.07211538461538458,-1,-1,-1,-1,-1,-1,-1,-1,-1,0.038461538461538436,-1,-1,-1,-1,-1,-1,-1 0.5,-1,0.5,1.0,1.0,1.0,1.0,1.0,-1,0.5,0.5,1.0,0.5,1.0,1.0,1.0,1.0,1.0,1.0,-1,0.5,1.0,1.0,1.0,1.0,1.0,1.0,1.0,-1,0.5,1.0,1.0,1.0,-1 1.0,1.0,1.0,1.0,1.0,1.0,1.0,1.0,1.0,1.0,1.0,1.0,1.0,1.0,1.0,1.0,1.0,1.0,1.0,1.0,1.0,1.0,1.0,1.0,1.0,1.0,1.0,1.0,1.0,1.0,1.0,1.0,1.0,1.0 0.05882352941176472 1 1,8,8,1,2,1,1,1,1,1,2,2,2,1,1,1,2,1,1,1,1,1,1,1,1,1,2,1,1,1,1,1,1,1 
12-2 -1,0.6215062111801242,0.6948757763975155,-1,0.07211538461538458,-1,-1,-1,-1,-1,0.07692307692307687,0.07211538461538458,0.038461538461538436,-1,-1,-1,0.07211538461538458,-1,-1,-1,-1,-1,-1,-1,-1,-1,0.038461538461538436,-1,-1,-1,-1,-1,-1,-1 1.0,-1,1.0,1.0,1.0,1.0,1.0,1.0,-1,1.0,1.0,1.0,1.0,1.0,1.0,1.0,1.0,1.0,1.0,-1,1.0,1.0,1.0,1.0,1.0,1.0,1.0,1.0,-1,1.0,1.0,1.0,1.0,-1 1.0,1.0,1.0,1.0,1.0,1.0,1.0,1.0,1.0,1.0,1.0,1.0,1.0,1.0,1.0,1.0,1.0,1.0,1.0,1.0,1.0,1.0,1.0,1.0,1.0,1.0,1.0,1.0,1.0,1.0,1.0,1.0,1.0,1.0 0.05882352941176472 1 1,8,8,1,2,1,1,1,1,1,2,2,2,1,1,1,2,1,1,1,1,1,1,1,1,1,2,1,1,1,1,1,1,1 
12-3 -1,0.6215062111801242,0.6948757763975155,-1,0.07211538461538458,-1,-1,-1,-1,-1,0.07692307692307687,0.07211538461538458,0.038461538461538436,-1,-1,-1,0.07211538461538458,-1,-1,-1,-1,-1,-1,-1,-1,-1,0.038461538461538436,-1,-1,-1,-1,-1,-1,-1 1.0,-1,1.0,1.0,1.0,1.0,1.0,1.0,-1,1.0,1.0,1.0,1.0,1.0,1.0,1.0,1.0,1.0,1.0,-1,1.0,1.0,1.0,1.0,1.0,1.0,1.0,1.0,-1,1.0,1.0,1.0,1.0,-1 1.0,1.0,1.0,1.0,1.0,1.0,1.0,1.0,1.0,1.0,1.0,1.0,1.0,1.0,1.0,1.0,1.0,1.0,1.0,1.0,1.0,1.0,1.0,1.0,1.0,1.0,1.0,1.0,1.0,1.0,1.0,1.0,1.0,1.0 0.05882352941176472 1 1,8,8,1,2,1,1,1,1,1,2,2,2,1,1,1,2,1,1,1,1,1,1,1,1,1,2,1,1,1,1,1,1,1 
12-5 -1,0.6215062111801242,0.6948757763975155,-1,0.07211538461538458,-1,-1,-1,-1,-1,0.07692307692307687,0.07211538461538458,0.038461538461538436,-1,-1,-1,0.07211538461538458,-1,-1,-1,-1,-1,-1,-1,-1,-1,0.038461538461538436,-1,-1,-1,-1,-1,-1,-1 1.0,-1,1.0,1.0,1.0,1.0,1.0,1.0,-1,1.0,1.0,1.0,1.0,1.0,1.0,1.0,1.0,1.0,1.0,-1,1.0,1.0,1.0,1.0,1.0,1.0,1.0,1.0,-1,1.0,1.0,1.0,1.0,-1 1.0,1.0,1.0,1.0,1.0,1.0,1.0,1.0,1.0,1.0,1.0,1.0,1.0,1.0,1.0,1.0,1.0,1.0,1.0,1.0,1.0,1.0,1.0,1.0,1.0,1.0,1.0,1.0,1.0,1.0,1.0,1.0,1.0,1.0 0.05882352941176472 1 1,8,8,1,2,1,1,1,1,1,2,2,2,1,1,1,2,1,1,1,1,1,1,1,1,1,2,1,1,1,1,1,1,1 
12-7 -1,0.6215062111801242,0.6948757763975155,-1,0.07211538461538458,-1,-1,-1,-1,-1,0.07692307692307687,0.07211538461538458,0.038461538461538436,-1,-1,-1,0.07211538461538458,-1,-1,-1,-1,-1,-1,-1,-1,-1,0.038461538461538436,-1,-1,-1,-1,-1,-1,-1 0.5,-1,0.5,1.0,1.0,1.0,1.0,1.0,-1,0.5,0.5,1.0,0.5,1.0,1.0,1.0,1.0,1.0,1.0,-1,0.5,1.0,1.0,1.0,1.0,1.0,1.0,1.0,-1,0.5,1.0,1.0,1.0,-1 1.0,1.0,1.0,1.0,1.0,1.0,1.0,1.0,1.0,1.0,1.0,1.0,1.0,1.0,1.0,1.0,1.0,1.0,1.0,1.0,1.0,1.0,1.0,1.0,1.0,1.0,1.0,1.0,1.0,1.0,1.0,1.0,1.0,1.0 0.05882352941176472 1 1,8,8,1,2,1,1,1,1,1,2,2,2,1,1,1,2,1,1,1,1,1,1,1,1,1,2,1,1,1,1,1,1,1 
12-8 -1,0.6215062111801242,0.6948757763975155,-1,0.07211538461538458,-1,-1,-1,-1,-1,0.07692307692307687,0.07211538461538458,0.038461538461538436,-1,-1,-1,0.07211538461538458,-1,-1,-1,-1,-1,-1,-1,-1,-1,0.038461538461538436,-1,-1,-1,-1,-1,-1,-1 0.5,-1,0.5,1.0,1.0,1.0,1.0,1.0,-1,0.5,0.5,1.0,0.5,1.0,1.0,1.0,1.0,1.0,1.0,-1,0.5,1.0,1.0,1.0,1.0,1.0,1.0,1.0,-1,0.5,1.0,1.0,1.0,-1 1.0,1.0,1.0,1.0,1.0,1.0,1.0,1.0,1.0,1.0,1.0,1.0,1.0,1.0,1.0,1.0,1.0,1.0,1.0,1.0,1.0,1.0,1.0,1.0,1.0,1.0,1.0,1.0,1.0,1.0,1.0,1.0,1.0,1.0 0.05882352941176472 1 1,8,8,1,2,1,1,1,1,1,2,2,2,1,1,1,2,1,1,1,1,1,1,1,1,1,2,1,1,1,1,1,1,1 
12-10 -1,0.6215062111801242,0.6948757763975155,-1,0.07211538461538458,-1,-1,-1,-1,-1,0.07692307692307687,0.07211538461538458,0.038461538461538436,-1,-1,-1,0.07211538461538458,-1,-1,-1,-1,-1,-1,-1,-1,-1,0.038461538461538436,-1,-1,-1,-1,-1,-1,-1 0.5,-1,1.0,1.0,1.0,1.0,1.0,1.0,-1,0.5,1.0,1.0,1.0,1.0,1.0,1.0,1.0,1.0,1.0,-1,0.5,1.0,1.0,1.0,1.0,1.0,1.0,1.0,-1,0.5,1.0,1.0,1.0,-1 1.0,1.0,1.0,1.0,1.0,1.0,1.0,1.0,1.0,1.0,1.0,1.0,1.0,1.0,1.0,1.0,1.0,1.0,1.0,1.0,1.0,1.0,1.0,1.0,1.0,1.0,1.0,1.0,1.0,1.0,1.0,1.0,1.0,1.0 0.05882352941176472 1 1,8,8,1,2,1,1,1,1,1,2,2,2,1,1,1,2,1,1,1,1,1,1,1,1,1,2,1,1,1,1,1,1,1 
12-11 -1,0.6215062111801242,0.6948757763975155,-1,0.07211538461538458,-1,-1,-1,-1,-1,0.07692307692307687,0.07211538461538458,0.038461538461538436,-1,-1,-1,0.07211538461538458,-1,-1,-1,-1,-1,-1,-1,-1,-1,0.038461538461538436,-1,-1,-1,-1,-1,-1,-1 0.5,-1,1.0,1.0,1.0,1.0,1.0,1.0,-1,0.5,1.0,1.0,1.0,1.0,1.0,1.0,1.0,1.0,1.0,-1,0.5,1.0,1.0,1.0,1.0,1.0,1.0,1.0,-1,0.5,1.0,1.0,1.0,-1 1.0,1.0,1.0,1.0,1.0,1.0,1.0,1.0,1.0,1.0,1.0,1.0,1.0,1.0,1.0,1.0,1.0,1.0,1.0,1.0,1.0,1.0,1.0,1.0,1.0,1.0,1.0,1.0,1.0,1.0,1.0,1.0,1.0,1.0 0.05882352941176472 1 1,8,8,1,2,1,1,1,1,1,2,2,2,1,1,1,2,1,1,1,1,1,1,1,1,1,2,1,1,1,1,1,1,1 
12-12 -1,0.6215062111801242,0.6948757763975155,-1,0.07211538461538458,-1,-1,-1,-1,-1,0.07692307692307687,0.07211538461538458,0.038461538461538436,-1,-1,-1,0.07211538461538458,-1,-1,-1,-1,-1,-1,-1,-1,-1,0.038461538461538436,-1,-1,-1,-1,-1,-1,-1 0.5,-1,1.0,1.0,1.0,1.0,1.0,1.0,-1,0.5,1.0,1.0,1.0,1.0,1.0,1.0,1.0,1.0,1.0,-1,0.5,1.0,1.0,1.0,1.0,1.0,1.0,1.0,-1,0.5,1.0,1.0,1.0,-1 1.0,1.0,1.0,1.0,1.0,1.0,1.0,1.0,1.0,1.0,1.0,1.0,1.0,1.0,1.0,1.0,1.0,1.0,1.0,1.0,1.0,1.0,1.0,1.0,1.0,1.0,1.0,1.0,1.0,1.0,1.0,1.0,1.0,1.0 0.05882352941176472 1 1,8,8,1,2,1,1,1,1,1,2,2,2,1,1,1,2,1,1,1,1,1,1,1,1,1,2,1,1,1,1,1,1,1 
12-13 -1,0.6215062111801242,0.6948757763975155,-1,0.07211538461538458,-1,-1,-1,-1,-1,0.07692307692307687,0.07211538461538458,0.038461538461538436,-1,-1,-1,0.07211538461538458,-1,-1,-1,-1,-1,-1,-1,-1,-1,0.038461538461538436,-1,-1,-1,-1,-1,-1,-1 0.5,-1,0.5,1.0,0.5,1.0,1.0,1.0,-1,0.5,0.5,0.5,0.5,1.0,1.0,1.0,0.5,1.0,1.0,-1,0.5,1.0,1.0,1.0,1.0,1.0,0.5,1.0,-1,0.5,1.0,1.0,1.0,-1 1.0,1.0,1.0,1.0,1.0,1.0,1.0,1.0,1.0,1.0,1.0,1.0,1.0,1.0,1.0,1.0,1.0,1.0,1.0,1.0,1.0,1.0,1.0,1.0,1.0,1.0,1.0,1.0,1.0,1.0,1.0,1.0,1.0,1.0 0.05882352941176472 1 1,8,8,1,2,1,1,1,1,1,2,2,2,1,1,1,2,1,1,1,1,1,1,1,1,1,2,1,1,1,1,1,1,1 
