1-1 0.543233082706767,0.5238095238095238,0.0357142857142857,0.4798850574712643 1.0,1.0,1.0,0.8666666666666667 1.0,1.0,1.0,1.0 1.0 1 8,4,4,30 
2-1 0.543233082706767,0.5238095238095238,0.0357142857142857,0.4798850574712643 1.0,1.0,1.0,1.0 1.0,1.0,1.0,1.0 1.0 1 8,4,4,30 
3-1 0.543233082706767,0.5238095238095238,0.0357142857142857,0.4798850574712643 1.0,1.0,1.0,1.0 1.0,1.0,1.0,1.0 1.0 1 8,4,4,30 
5-1 0.543233082706767,0.5238095238095238,0.0357142857142857,0.4798850574712643 1.0,1.0,1.0,1.0 1.0,1.0,1.0,1.0 1.0 1 8,4,4,30 
7-1 0.543233082706767,0.5238095238095238,0.0357142857142857,0.4798850574712643 1.0,1.0,1.0,0.8666666666666667 1.0,1.0,1.0,1.0 1.0 1 8,4,4,30 
8-1 0.543233082706767,0.5238095238095238,0.0357142857142857,0.4798850574712643 1.0,1.0,1.0,0.8666666666666667 1.0,1.0,1.0,1.0 1.0 1 8,4,4,30 
10-1 0.543233082706767,0.5238095238095238,0.0357142857142857,0.4798850574712643 1.0,1.0,1.0,1.0 1.0,1.0,1.0,1.0 1.0 1 8,4,4,30 
11-1 0.543233082706767,0.5238095238095238,0.0357142857142857,0.4798850574712643 1.0,1.0,1.0,1.0 1.0,1.0,1.0,1.0 1.0 1 8,4,4,30 
12-1 0.543233082706767,0.5238095238095238,0.0357142857142857,0.4798850574712643 0.125,0.25,1.0,0.13333333333333333 1.0,1.0,1.0,1.0 1.0 1 8,4,4,30 
1-2 -2 0.8260869565217391 0.7342995169082125 1.0 -1 46 
2-2 -2 1.0 0.7342995169082125 1.0 -1 46 
3-2 -2 1.0 0.7342995169082125 1.0 -1 46 
5-2 -2 1.0 0.7342995169082125 1.0 -1 46 
7-2 -2 0.8260869565217391 0.7342995169082125 1.0 -1 46 
8-2 -2 0.8260869565217391 0.7342995169082125 1.0 -1 46 
10-2 -2 1.0 0.7342995169082125 1.0 -1 46 
11-2 -2 1.0 0.7342995169082125 1.0 -1 46 
12-2 -2 0.17391304347826086 0.7342995169082125 1.0 -1 46 
1-3 -2 0.8260869565217391 0.7342995169082125 1.0 -1 46 
2-3 -2 1.0 0.7342995169082125 1.0 -1 46 
3-3 -2 1.0 0.7342995169082125 1.0 -1 46 
5-3 -2 1.0 0.7342995169082125 1.0 -1 46 
7-3 -2 0.8260869565217391 0.7342995169082125 1.0 -1 46 
8-3 -2 0.8260869565217391 0.7342995169082125 1.0 -1 46 
10-3 -2 1.0 0.7342995169082125 1.0 -1 46 
11-3 -2 1.0 0.7342995169082125 1.0 -1 46 
12-3 -2 0.17391304347826086 0.7342995169082125 1.0 -1 46 
1-5 -2 0.8260869565217391 0.7342995169082125 1.0 -1 46 
2-5 -2 1.0 0.7342995169082125 1.0 -1 46 
3-5 -2 1.0 0.7342995169082125 1.0 -1 46 
5-5 -2 1.0 0.7342995169082125 1.0 -1 46 
7-5 -2 0.8260869565217391 0.7342995169082125 1.0 -1 46 
8-5 -2 0.8260869565217391 0.7342995169082125 1.0 -1 46 
10-5 -2 1.0 0.7342995169082125 1.0 -1 46 
11-5 -2 1.0 0.7342995169082125 1.0 -1 46 
12-5 -2 0.17391304347826086 0.7342995169082125 1.0 -1 46 
1-7 0.543233082706767,0.5238095238095238,0.0357142857142857,0.4798850574712643 1.0,1.0,1.0,0.8666666666666667 1.0,1.0,1.0,1.0 1.0 1 8,4,4,30 
2-7 0.543233082706767,0.5238095238095238,0.0357142857142857,0.4798850574712643 1.0,1.0,1.0,1.0 1.0,1.0,1.0,1.0 1.0 1 8,4,4,30 
3-7 0.543233082706767,0.5238095238095238,0.0357142857142857,0.4798850574712643 1.0,1.0,1.0,1.0 1.0,1.0,1.0,1.0 1.0 1 8,4,4,30 
5-7 0.543233082706767,0.5238095238095238,0.0357142857142857,0.4798850574712643 1.0,1.0,1.0,1.0 1.0,1.0,1.0,1.0 1.0 1 8,4,4,30 
7-7 0.543233082706767,0.5238095238095238,0.0357142857142857,0.4798850574712643 1.0,1.0,1.0,0.8666666666666667 1.0,1.0,1.0,1.0 1.0 1 8,4,4,30 
8-7 0.543233082706767,0.5238095238095238,0.0357142857142857,0.4798850574712643 1.0,1.0,1.0,0.8666666666666667 1.0,1.0,1.0,1.0 1.0 1 8,4,4,30 
10-7 0.543233082706767,0.5238095238095238,0.0357142857142857,0.4798850574712643 1.0,1.0,1.0,1.0 1.0,1.0,1.0,1.0 1.0 1 8,4,4,30 
11-7 0.543233082706767,0.5238095238095238,0.0357142857142857,0.4798850574712643 1.0,1.0,1.0,1.0 1.0,1.0,1.0,1.0 1.0 1 8,4,4,30 
12-7 0.543233082706767,0.5238095238095238,0.0357142857142857,0.4798850574712643 0.125,0.25,1.0,0.13333333333333333 1.0,1.0,1.0,1.0 1.0 1 8,4,4,30 
1-8 0.543233082706767,0.5238095238095238,0.0357142857142857,0.4798850574712643 1.0,1.0,1.0,0.8666666666666667 1.0,1.0,1.0,1.0 1.0 1 8,4,4,30 
2-8 0.543233082706767,0.5238095238095238,0.0357142857142857,0.4798850574712643 1.0,1.0,1.0,1.0 1.0,1.0,1.0,1.0 1.0 1 8,4,4,30 
3-8 0.543233082706767,0.5238095238095238,0.0357142857142857,0.4798850574712643 1.0,1.0,1.0,1.0 1.0,1.0,1.0,1.0 1.0 1 8,4,4,30 
5-8 0.543233082706767,0.5238095238095238,0.0357142857142857,0.4798850574712643 1.0,1.0,1.0,1.0 1.0,1.0,1.0,1.0 1.0 1 8,4,4,30 
7-8 0.543233082706767,0.5238095238095238,0.0357142857142857,0.4798850574712643 1.0,1.0,1.0,0.8666666666666667 1.0,1.0,1.0,1.0 1.0 1 8,4,4,30 
8-8 0.543233082706767,0.5238095238095238,0.0357142857142857,0.4798850574712643 1.0,1.0,1.0,0.8666666666666667 1.0,1.0,1.0,1.0 1.0 1 8,4,4,30 
10-8 0.543233082706767,0.5238095238095238,0.0357142857142857,0.4798850574712643 1.0,1.0,1.0,1.0 1.0,1.0,1.0,1.0 1.0 1 8,4,4,30 
11-8 0.543233082706767,0.5238095238095238,0.0357142857142857,0.4798850574712643 1.0,1.0,1.0,1.0 1.0,1.0,1.0,1.0 1.0 1 8,4,4,30 
12-8 0.543233082706767,0.5238095238095238,0.0357142857142857,0.4798850574712643 0.125,0.25,1.0,0.13333333333333333 1.0,1.0,1.0,1.0 1.0 1 8,4,4,30 
1-10 0.6689895470383276,-1,-1,-1,-1 0.8095238095238095,1.0,1.0,1.0,1.0 0.7513227513227513,1.0,1.0,1.0,1.0 0.19999999999999996 1 42,1,1,1,1 
2-10 0.6689895470383276,-1,-1,-1,-1 1.0,1.0,1.0,1.0,1.0 0.7513227513227513,1.0,1.0,1.0,1.0 0.19999999999999996 1 42,1,1,1,1 
3-10 0.6689895470383276,-1,-1,-1,-1 1.0,1.0,1.0,1.0,1.0 0.7513227513227513,1.0,1.0,1.0,1.0 0.19999999999999996 1 42,1,1,1,1 
5-10 0.6689895470383276,-1,-1,-1,-1 1.0,1.0,1.0,1.0,1.0 0.7513227513227513,1.0,1.0,1.0,1.0 0.19999999999999996 1 42,1,1,1,1 
7-10 0.6689895470383276,-1,-1,-1,-1 0.8095238095238095,1.0,1.0,1.0,1.0 0.7513227513227513,1.0,1.0,1.0,1.0 0.19999999999999996 1 42,1,1,1,1 
8-10 0.6689895470383276,-1,-1,-1,-1 0.8095238095238095,1.0,1.0,1.0,1.0 0.7513227513227513,1.0,1.0,1.0,1.0 0.19999999999999996 1 42,1,1,1,1 
10-10 0.6689895470383276,-1,-1,-1,-1 1.0,1.0,1.0,1.0,1.0 0.7513227513227513,1.0,1.0,1.0,1.0 0.19999999999999996 1 42,1,1,1,1 
11-10 0.6689895470383276,-1,-1,-1,-1 1.0,1.0,1.0,1.0,1.0 0.7513227513227513,1.0,1.0,1.0,1.0 0.19999999999999996 1 42,1,1,1,1 
12-10 0.6689895470383276,-1,-1,-1,-1 0.19047619047619047,1.0,1.0,1.0,1.0 0.7513227513227513,1.0,1.0,1.0,1.0 0.19999999999999996 1 42,1,1,1,1 
1-11 0.6689895470383276,0.5238095238095238 0.8095238095238095,1.0 0.7513227513227513,1.0 1.0 1 42,4 
2-11 0.6689895470383276,0.5238095238095238 1.0,1.0 0.7513227513227513,1.0 1.0 1 42,4 
3-11 0.6689895470383276,0.5238095238095238 1.0,1.0 0.7513227513227513,1.0 1.0 1 42,4 
5-11 0.6689895470383276,0.5238095238095238 1.0,1.0 0.7513227513227513,1.0 1.0 1 42,4 
7-11 0.6689895470383276,0.5238095238095238 0.8095238095238095,1.0 0.7513227513227513,1.0 1.0 1 42,4 
8-11 0.6689895470383276,0.5238095238095238 0.8095238095238095,1.0 0.7513227513227513,1.0 1.0 1 42,4 
10-11 0.6689895470383276,0.5238095238095238 1.0,1.0 0.7513227513227513,1.0 1.0 1 42,4 
11-11 0.6689895470383276,0.5238095238095238 1.0,1.0 0.7513227513227513,1.0 1.0 1 42,4 
12-11 0.6689895470383276,0.5238095238095238 0.19047619047619047,0.25 0.7513227513227513,1.0 1.0 1 42,4 
1-12 0.6689895470383276,-1,-1,-1,-1 0.8095238095238095,1.0,1.0,1.0,1.0 0.7513227513227513,1.0,1.0,1.0,1.0 0.19999999999999996 1 42,1,1,1,1 
2-12 0.6689895470383276,-1,-1,-1,-1 1.0,1.0,1.0,1.0,1.0 0.7513227513227513,1.0,1.0,1.0,1.0 0.19999999999999996 1 42,1,1,1,1 
3-12 0.6689895470383276,-1,-1,-1,-1 1.0,1.0,1.0,1.0,1.0 0.7513227513227513,1.0,1.0,1.0,1.0 0.19999999999999996 1 42,1,1,1,1 
5-12 0.6689895470383276,-1,-1,-1,-1 1.0,1.0,1.0,1.0,1.0 0.7513227513227513,1.0,1.0,1.0,1.0 0.19999999999999996 1 42,1,1,1,1 
7-12 0.6689895470383276,-1,-1,-1,-1 0.8095238095238095,1.0,1.0,1.0,1.0 0.7513227513227513,1.0,1.0,1.0,1.0 0.19999999999999996 1 42,1,1,1,1 
8-12 0.6689895470383276,-1,-1,-1,-1 0.8095238095238095,1.0,1.0,1.0,1.0 0.7513227513227513,1.0,1.0,1.0,1.0 0.19999999999999996 1 42,1,1,1,1 
10-12 0.6689895470383276,-1,-1,-1,-1 1.0,1.0,1.0,1.0,1.0 0.7513227513227513,1.0,1.0,1.0,1.0 0.19999999999999996 1 42,1,1,1,1 
11-12 0.6689895470383276,-1,-1,-1,-1 1.0,1.0,1.0,1.0,1.0 0.7513227513227513,1.0,1.0,1.0,1.0 0.19999999999999996 1 42,1,1,1,1 
12-12 0.6689895470383276,-1,-1,-1,-1 0.19047619047619047,1.0,1.0,1.0,1.0 0.7513227513227513,1.0,1.0,1.0,1.0 0.19999999999999996 1 42,1,1,1,1 
1-13 0.5222816399286987,-1,0.09523809523809523,0.09523809523809523,0.09523809523809523,0.09523809523809523,0.09302325581395343,-1,0.09090909090909083,0.09090909090909083,0.09090909090909083,0.09090909090909083,0.40697674418604657,-1,-1 0.6666666666666666,1.0,1.0,1.0,1.0,1.0,1.0,1.0,1.0,1.0,1.0,1.0,1.0,1.0,1.0 0.962962962962963,1.0,1.0,1.0,1.0,1.0,1.0,1.0,1.0,1.0,1.0,1.0,0.9444444444444444,1.0,1.0 0.4666666666666667 1 12,1,4,4,4,4,3,1,2,2,2,2,3,1,1 
2-13 0.5222816399286987,-1,0.09523809523809523,0.09523809523809523,0.09523809523809523,0.09523809523809523,0.09302325581395343,-1,0.09090909090909083,0.09090909090909083,0.09090909090909083,0.09090909090909083,0.40697674418604657,-1,-1 1.0,1.0,1.0,1.0,1.0,1.0,1.0,1.0,1.0,1.0,1.0,1.0,1.0,1.0,1.0 0.962962962962963,1.0,1.0,1.0,1.0,1.0,1.0,1.0,1.0,1.0,1.0,1.0,0.9444444444444444,1.0,1.0 0.4666666666666667 1 12,1,4,4,4,4,3,1,2,2,2,2,3,1,1 
3-13 0.5222816399286987,-1,0.09523809523809523,0.09523809523809523,0.09523809523809523,0.09523809523809523,0.09302325581395343,-1,0.09090909090909083,0.09090909090909083,0.09090909090909083,0.09090909090909083,0.40697674418604657,-1,-1 1.0,1.0,1.0,1.0,1.0,1.0,1.0,1.0,1.0,1.0,1.0,1.0,1.0,1.0,1.0 0.962962962962963,1.0,1.0,1.0,1.0,1.0,1.0,1.0,1.0,1.0,1.0,1.0,0.9444444444444444,1.0,1.0 0.4666666666666667 1 12,1,4,4,4,4,3,1,2,2,2,2,3,1,1 
5-13 0.5222816399286987,-1,0.09523809523809523,0.09523809523809523,0.09523809523809523,0.09523809523809523,0.09302325581395343,-1,0.09090909090909083,0.09090909090909083,0.09090909090909083,0.09090909090909083,0.40697674418604657,-1,-1 1.0,1.0,1.0,1.0,1.0,1.0,1.0,1.0,1.0,1.0,1.0,1.0,1.0,1.0,1.0 0.962962962962963,1.0,1.0,1.0,1.0,1.0,1.0,1.0,1.0,1.0,1.0,1.0,0.9444444444444444,1.0,1.0 0.4666666666666667 1 12,1,4,4,4,4,3,1,2,2,2,2,3,1,1 
7-13 0.5222816399286987,-1,0.09523809523809523,0.09523809523809523,0.09523809523809523,0.09523809523809523,0.09302325581395343,-1,0.09090909090909083,0.09090909090909083,0.09090909090909083,0.09090909090909083,0.40697674418604657,-1,-1 0.6666666666666666,1.0,1.0,1.0,1.0,1.0,1.0,1.0,1.0,1.0,1.0,1.0,1.0,1.0,1.0 0.962962962962963,1.0,1.0,1.0,1.0,1.0,1.0,1.0,1.0,1.0,1.0,1.0,0.9444444444444444,1.0,1.0 0.4666666666666667 1 12,1,4,4,4,4,3,1,2,2,2,2,3,1,1 
8-13 0.5222816399286987,-1,0.09523809523809523,0.09523809523809523,0.09523809523809523,0.09523809523809523,0.09302325581395343,-1,0.09090909090909083,0.09090909090909083,0.09090909090909083,0.09090909090909083,0.40697674418604657,-1,-1 0.6666666666666666,1.0,1.0,1.0,1.0,1.0,1.0,1.0,1.0,1.0,1.0,1.0,1.0,1.0,1.0 0.962962962962963,1.0,1.0,1.0,1.0,1.0,1.0,1.0,1.0,1.0,1.0,1.0,0.9444444444444444,1.0,1.0 0.4666666666666667 1 12,1,4,4,4,4,3,1,2,2,2,2,3,1,1 
10-13 0.5222816399286987,-1,0.09523809523809523,0.09523809523809523,0.09523809523809523,0.09523809523809523,0.09302325581395343,-1,0.09090909090909083,0.09090909090909083,0.09090909090909083,0.09090909090909083,0.40697674418604657,-1,-1 1.0,1.0,1.0,1.0,1.0,1.0,1.0,1.0,1.0,1.0,1.0,1.0,1.0,1.0,1.0 0.962962962962963,1.0,1.0,1.0,1.0,1.0,1.0,1.0,1.0,1.0,1.0,1.0,0.9444444444444444,1.0,1.0 0.4666666666666667 1 12,1,4,4,4,4,3,1,2,2,2,2,3,1,1 
11-13 0.5222816399286987,-1,0.09523809523809523,0.09523809523809523,0.09523809523809523,0.09523809523809523,0.09302325581395343,-1,0.09090909090909083,0.09090909090909083,0.09090909090909083,0.09090909090909083,0.40697674418604657,-1,-1 1.0,1.0,1.0,1.0,1.0,1.0,1.0,1.0,1.0,1.0,1.0,1.0,1.0,1.0,1.0 0.962962962962963,1.0,1.0,1.0,1.0,1.0,1.0,1.0,1.0,1.0,1.0,1.0,0.9444444444444444,1.0,1.0 0.4666666666666667 1 12,1,4,4,4,4,3,1,2,2,2,2,3,1,1 
12-13 0.5222816399286987,-1,0.09523809523809523,0.09523809523809523,0.09523809523809523,0.09523809523809523,0.09302325581395343,-1,0.09090909090909083,0.09090909090909083,0.09090909090909083,0.09090909090909083,0.40697674418604657,-1,-1 0.3333333333333333,1.0,1.0,0.25,0.25,0.25,0.3333333333333333,1.0,0.5,0.5,0.5,0.5,0.3333333333333333,1.0,1.0 0.962962962962963,1.0,1.0,1.0,1.0,1.0,1.0,1.0,1.0,1.0,1.0,1.0,0.9444444444444444,1.0,1.0 0.4666666666666667 1 12,1,4,4,4,4,3,1,2,2,2,2,3,1,1 
