00 00 0000000601010000 00 00 
00 aa 0000000601010000 00 01 
00 aa 0000000601010000 00 01 
00 aa 0000000601010000 00 01 
00 aa 0000000601010000 00 01 
00 04 0000000601010000 ff ff 
00 aa 0000000601010000 00 01 
00 aa 0000000601010000 00 01 
00 aa 0000000601010000 00 01 
00 aa 0000000601010000 00 01 
00 08 0000000601010000 00 01 
00 aa 0000000601010000 00 01 
00 aa 0000000601010000 00 01 
00 aa 0000000601010000 00 01 
00 aa 0000000601010000 00 01 
00 0c 0000000601010000 ff fe 
00 aa 0000000601010000 00 01 
00 aa 0000000601010000 00 01 
00 aa 0000000601010000 00 01 
00 aa 0000000601010000 00 01 
00 00 0000000601010000 00 02 
00 aa 0000000601010000 00 01 
00 aa 0000000601010000 00 01 
00 aa 0000000601010000 00 01 
00 aa 0000000601010000 00 01 
00 04 0000000601010000 ff fd 
00 aa 0000000601010000 00 01 
00 aa 0000000601010000 00 01 
00 aa 0000000601010000 00 01 
00 aa 0000000601010000 00 01 
00 08 0000000601010000 07 d0 
00 aa 0000000601010000 00 01 
