ab 26 01 00 0001000000000000 04 -- 74 69 6d 65 04 6e 69 73 74 03 67 6f 76 0000010001 
ab 26 81 85 0001000000000000 04 -- 74 69 6d 65 04 6e 69 73 74 03 67 6f 76 0000010001 
ab 27 01 00 0001000000000000 04 -- 74 69 6d 65 04 6e 69 73 74 03 67 6f 76 0000010001 
ab 27 81 85 0001000000000000 04 -- 74 69 6d 65 04 6e 69 73 74 03 67 6f 76 0000010001 
ab 28 01 00 0001000000000000 04 -- 74 69 6d 65 04 6e 69 73 74 03 67 6f 76 0000010001 
ab 28 81 85 0001000000000000 04 -- 74 69 6d 65 04 6e 69 73 74 03 67 6f 76 0000010001 
ab 29 01 00 0001000000000000 04 -- 74 69 6d 65 04 6e 69 73 74 03 67 6f 76 0000010001 
ab 29 81 85 0001000000000000 04 -- 74 69 6d 65 04 6e 69 73 74 03 67 6f 76 0000010001 
ab 2a 01 00 0001000000000000 04 -- 74 69 6d 65 04 6e 69 73 74 03 67 6f 76 0000010001 
ab 2a 81 85 0001000000000000 04 -- 74 69 6d 65 04 6e 69 73 74 03 67 6f 76 0000010001 
80 4a 00 00 0001000000000000 09 -- 6c 6f 63 61 6c 68 6f 73 74 -- -- -- -- 0000010001 
ab 2b 01 00 0001000000000000 04 -- 74 69 6d 65 04 6e 69 73 74 03 67 6f 76 0000010001 
ab 2b 81 85 0001000000000000 04 -- 74 69 6d 65 04 6e 69 73 74 03 67 6f 76 0000010001 
ab 2c 01 00 0001000000000000 04 -- 74 69 6d 65 04 6e 69 73 74 03 67 6f 76 0000010001 
ab 2c 81 85 0001000000000000 04 -- 74 69 6d 65 04 6e 69 73 74 03 67 6f 76 0000010001 
ab 2d 01 00 0001000000000000 04 -- 74 69 6d 65 04 6e 69 73 74 03 67 6f 76 0000010001 
ab 2d 81 85 0001000000000000 04 -- 74 69 6d 65 04 6e 69 73 74 03 67 6f 76 0000010001 
00 02 01 00 0001000000000000 04 6e 74 70 31 05 64 6c 69 6e 6b 03 63 6f 6d 0000010001 
ab 2e 01 00 0001000000000000 04 -- 74 69 6d 65 04 6e 69 73 74 03 67 6f 76 0000010001 
ab 2e 81 85 0001000000000000 04 -- 74 69 6d 65 04 6e 69 73 74 03 67 6f 76 0000010001 
ab 2f 01 00 0001000000000000 04 -- 74 69 6d 65 04 6e 69 73 74 03 67 6f 76 0000010001 
ab 2f 81 85 0001000000000000 04 -- 74 69 6d 65 04 6e 69 73 74 03 67 6f 76 0000010001 
e5 eb 00 00 0001000000000000 09 -- 6c 6f 63 61 6c 68 6f 73 74 -- -- -- -- 0000010001 
00 03 01 00 0001000000000000 04 6e 74 70 31 05 64 6c 69 6e 6b 03 63 6f 6d 0000010001 
ab 30 01 00 0001000000000000 04 -- 74 69 6d 65 04 6e 69 73 74 03 67 6f 76 0000010001 
ab 30 81 85 0001000000000000 04 -- 74 69 6d 65 04 6e 69 73 74 03 67 6f 76 0000010001 
ab 31 01 00 0001000000000000 04 -- 74 69 6d 65 04 6e 69 73 74 03 67 6f 76 0000010001 
ab 31 81 85 0001000000000000 04 -- 74 69 6d 65 04 6e 69 73 74 03 67 6f 76 0000010001 
ab 32 01 00 0001000000000000 04 -- 74 69 6d 65 04 6e 69 73 74 03 67 6f 76 0000010001 
ab 32 81 85 0001000000000000 04 -- 74 69 6d 65 04 6e 69 73 74 03 67 6f 76 0000010001 
00 04 01 00 0001000000000000 04 6e 74 70 31 05 64 6c 69 6e 6b 03 63 6f 6d 0000010001 
ab 33 01 00 0001000000000000 04 -- 74 69 6d 65 04 6e 69 73 74 03 67 6f 76 0000010001 
ab 33 81 85 0001000000000000 04 -- 74 69 6d 65 04 6e 69 73 74 03 67 6f 76 0000010001 
ab 34 01 00 0001000000000000 04 -- 74 69 6d 65 04 6e 69 73 74 03 67 6f 76 0000010001 
ab 34 81 85 0001000000000000 04 -- 74 69 6d 65 04 6e 69 73 74 03 67 6f 76 0000010001 
94 22 00 00 0001000000000000 09 -- 6c 6f 63 61 6c 68 6f 73 74 -- -- -- -- 0000010001 
ab 35 01 00 0001000000000000 04 -- 74 69 6d 65 04 6e 69 73 74 03 67 6f 76 0000010001 
ab 35 81 85 0001000000000000 04 -- 74 69 6d 65 04 6e 69 73 74 03 67 6f 76 0000010001 
ab 36 01 00 0001000000000000 04 -- 74 69 6d 65 04 6e 69 73 74 03 67 6f 76 0000010001 
ab 36 81 85 0001000000000000 04 -- 74 69 6d 65 04 6e 69 73 74 03 67 6f 76 0000010001 
ab 37 01 00 0001000000000000 04 -- 74 69 6d 65 04 6e 69 73 74 03 67 6f 76 0000010001 
ab 37 81 85 0001000000000000 04 -- 74 69 6d 65 04 6e 69 73 74 03 67 6f 76 0000010001 
ab 38 01 00 0001000000000000 04 -- 74 69 6d 65 04 6e 69 73 74 03 67 6f 76 0000010001 
ab 38 81 85 0001000000000000 04 -- 74 69 6d 65 04 6e 69 73 74 03 67 6f 76 0000010001 
ab 39 01 00 0001000000000000 04 -- 74 69 6d 65 04 6e 69 73 74 03 67 6f 76 0000010001 
ab 39 81 85 0001000000000000 04 -- 74 69 6d 65 04 6e 69 73 74 03 67 6f 76 0000010001 
cd 5a 00 00 0001000000000000 09 -- 6c 6f 63 61 6c 68 6f 73 74 -- -- -- -- 0000010001 
ab 3a 01 00 0001000000000000 04 -- 74 69 6d 65 04 6e 69 73 74 03 67 6f 76 0000010001 
ab 3a 81 85 0001000000000000 04 -- 74 69 6d 65 04 6e 69 73 74 03 67 6f 76 0000010001 
ab 3b 01 00 0001000000000000 04 -- 74 69 6d 65 04 6e 69 73 74 03 67 6f 76 0000010001 
ab 3b 81 85 0001000000000000 04 -- 74 69 6d 65 04 6e 69 73 74 03 67 6f 76 0000010001 
ab 3c 01 00 0001000000000000 04 -- 74 69 6d 65 04 6e 69 73 74 03 67 6f 76 0000010001 
ab 3c 81 85 0001000000000000 04 -- 74 69 6d 65 04 6e 69 73 74 03 67 6f 76 0000010001 
ab 3d 01 00 0001000000000000 04 -- 74 69 6d 65 04 6e 69 73 74 03 67 6f 76 0000010001 
ab 3d 81 85 0001000000000000 04 -- 74 69 6d 65 04 6e 69 73 74 03 67 6f 76 0000010001 
ab 3e 01 00 0001000000000000 04 -- 74 69 6d 65 04 6e 69 73 74 03 67 6f 76 0000010001 
ab 3e 81 85 0001000000000000 04 -- 74 69 6d 65 04 6e 69 73 74 03 67 6f 76 0000010001 
12 61 00 00 0001000000000000 09 -- 6c 6f 63 61 6c 68 6f 73 74 -- -- -- -- 0000010001 
ab 3f 01 00 0001000000000000 04 -- 74 69 6d 65 04 6e 69 73 74 03 67 6f 76 0000010001 
ab 3f 81 85 0001000000000000 04 -- 74 69 6d 65 04 6e 69 73 74 03 67 6f 76 0000010001 
ab 40 01 00 0001000000000000 04 -- 74 69 6d 65 04 6e 69 73 74 03 67 6f 76 0000010001 
ab 40 81 85 0001000000000000 04 -- 74 69 6d 65 04 6e 69 73 74 03 67 6f 76 0000010001 
ab 41 01 00 0001000000000000 04 -- 74 69 6d 65 04 6e 69 73 74 03 67 6f 76 0000010001 
ab 41 81 85 0001000000000000 04 -- 74 69 6d 65 04 6e 69 73 74 03 67 6f 76 0000010001 
ab 42 01 00 0001000000000000 04 -- 74 69 6d 65 04 6e 69 73 74 03 67 6f 76 0000010001 
ab 42 81 85 0001000000000000 04 -- 74 69 6d 65 04 6e 69 73 74 03 67 6f 76 0000010001 
c8 d1 00 00 0001000000000000 09 -- 6c 6f 63 61 6c 68 6f 73 74 -- -- -- -- 0000010001 
ab 43 01 00 0001000000000000 04 -- 74 69 6d 65 04 6e 69 73 74 03 67 6f 76 0000010001 
ab 43 81 85 0001000000000000 04 -- 74 69 6d 65 04 6e 69 73 74 03 67 6f 76 0000010001 
ab 44 01 00 0001000000000000 04 -- 74 69 6d 65 04 6e 69 73 74 03 67 6f 76 0000010001 
ab 44 81 85 0001000000000000 04 -- 74 69 6d 65 04 6e 69 73 74 03 67 6f 76 0000010001 
ab 45 01 00 0001000000000000 04 -- 74 69 6d 65 04 6e 69 73 74 03 67 6f 76 0000010001 
ab 45 81 85 0001000000000000 04 -- 74 69 6d 65 04 6e 69 73 74 03 67 6f 76 0000010001 
ab 46 01 00 0001000000000000 04 -- 74 69 6d 65 04 6e 69 73 74 03 67 6f 76 0000010001 
ab 46 81 85 0001000000000000 04 -- 74 69 6d 65 04 6e 69 73 74 03 67 6f 76 0000010001 
ab 47 01 00 0001000000000000 04 -- 74 69 6d 65 04 6e 69 73 74 03 67 6f 76 0000010001 
ab 47 81 85 0001000000000000 04 -- 74 69 6d 65 04 6e 69 73 74 03 67 6f 76 0000010001 
70 97 00 00 0001000000000000 09 -- 6c 6f 63 61 6c 68 6f 73 74 -- -- -- -- 0000010001 
ab 48 01 00 0001000000000000 04 -- 74 69 6d 65 04 6e 69 73 74 03 67 6f 76 0000010001 
ab 48 81 85 0001000000000000 04 -- 74 69 6d 65 04 6e 69 73 74 03 67 6f 76 0000010001 
ab 49 01 00 0001000000000000 04 -- 74 69 6d 65 04 6e 69 73 74 03 67 6f 76 0000010001 
ab 49 81 85 0001000000000000 04 -- 74 69 6d 65 04 6e 69 73 74 03 67 6f 76 0000010001 
ab 4a 01 00 0001000000000000 04 -- 74 69 6d 65 04 6e 69 73 74 03 67 6f 76 0000010001 
ab 4a 81 85 0001000000000000 04 -- 74 69 6d 65 04 6e 69 73 74 03 67 6f 76 0000010001 
ab 4b 01 00 0001000000000000 04 -- 74 69 6d 65 04 6e 69 73 74 03 67 6f 76 0000010001 
ab 4b 81 85 0001000000000000 04 -- 74 69 6d 65 04 6e 69 73 74 03 67 6f 76 0000010001 
ab 4c 01 00 0001000000000000 04 -- 74 69 6d 65 04 6e 69 73 74 03 67 6f 76 0000010001 
ab 4c 81 85 0001000000000000 04 -- 74 69 6d 65 04 6e 69 73 74 03 67 6f 76 0000010001 
a1 28 00 00 0001000000000000 09 -- 6c 6f 63 61 6c 68 6f 73 74 -- -- -- -- 0000010001 
ab 4d 01 00 0001000000000000 04 -- 74 69 6d 65 04 6e 69 73 74 03 67 6f 76 0000010001 
ab 4d 81 85 0001000000000000 04 -- 74 69 6d 65 04 6e 69 73 74 03 67 6f 76 0000010001 
ab 4e 01 00 0001000000000000 04 -- 74 69 6d 65 04 6e 69 73 74 03 67 6f 76 0000010001 
ab 4e 81 85 0001000000000000 04 -- 74 69 6d 65 04 6e 69 73 74 03 67 6f 76 0000010001 
ab 4f 01 00 0001000000000000 04 -- 74 69 6d 65 04 6e 69 73 74 03 67 6f 76 0000010001 
ab 4f 81 85 0001000000000000 04 -- 74 69 6d 65 04 6e 69 73 74 03 67 6f 76 0000010001 
ab 50 01 00 0001000000000000 04 -- 74 69 6d 65 04 6e 69 73 74 03 67 6f 76 0000010001 
ab 50 81 85 0001000000000000 04 -- 74 69 6d 65 04 6e 69 73 74 03 67 6f 76 0000010001 
ab 51 01 00 0001000000000000 04 -- 74 69 6d 65 04 6e 69 73 74 03 67 6f 76 0000010001 
ab 51 81 85 0001000000000000 04 -- 74 69 6d 65 04 6e 69 73 74 03 67 6f 76 0000010001 
ac 78 00 00 0001000000000000 09 -- 6c 6f 63 61 6c 68 6f 73 74 -- -- -- -- 0000010001 
