0-0 -2 1.0 1.0 1.0 -1 44 
2-0 -2 1.0 1.0 1.0 -1 44 
3-0 -2 1.0 1.0 1.0 -1 44 
5-0 -2 1.0 1.0 1.0 -1 44 
7-0 -2 1.0 1.0 1.0 -1 44 
8-0 -2 1.0 1.0 1.0 -1 44 
9-0 -2 1.0 1.0 1.0 -1 44 
10-0 -2 1.0 1.0 1.0 -1 44 
11-0 -2 1.0 1.0 1.0 -1 44 
12-0 -2 1.0 1.0 1.0 -1 44 
13-0 -2 1.0 1.0 1.0 -1 44 
14-0 -2 1.0 1.0 1.0 -1 44 
15-0 -2 1.0 1.0 1.0 -1 44 
0-2 -2 1.0 1.0 1.0 -1 44 
2-2 -2 1.0 1.0 1.0 -1 44 
3-2 -2 1.0 1.0 1.0 -1 44 
5-2 -2 1.0 1.0 1.0 -1 44 
7-2 -2 1.0 1.0 1.0 -1 44 
8-2 -2 1.0 1.0 1.0 -1 44 
9-2 -2 1.0 1.0 1.0 -1 44 
10-2 -2 1.0 1.0 1.0 -1 44 
11-2 -2 1.0 1.0 1.0 -1 44 
12-2 -2 1.0 1.0 1.0 -1 44 
13-2 -2 1.0 1.0 1.0 -1 44 
14-2 -2 1.0 1.0 1.0 -1 44 
15-2 -2 1.0 1.0 1.0 -1 44 
0-3 -2 1.0 1.0 1.0 -1 44 
2-3 -2 1.0 1.0 1.0 -1 44 
3-3 -2 1.0 1.0 1.0 -1 44 
5-3 -2 1.0 1.0 1.0 -1 44 
7-3 -2 1.0 1.0 1.0 -1 44 
8-3 -2 1.0 1.0 1.0 -1 44 
9-3 -2 1.0 1.0 1.0 -1 44 
10-3 -2 1.0 1.0 1.0 -1 44 
11-3 -2 1.0 1.0 1.0 -1 44 
12-3 -2 1.0 1.0 1.0 -1 44 
13-3 -2 1.0 1.0 1.0 -1 44 
14-3 -2 1.0 1.0 1.0 -1 44 
15-3 -2 1.0 1.0 1.0 -1 44 
0-5 -2 1.0 1.0 1.0 -1 44 
2-5 -2 1.0 1.0 1.0 -1 44 
3-5 -2 1.0 1.0 1.0 -1 44 
5-5 -2 1.0 1.0 1.0 -1 44 
7-5 -2 1.0 1.0 1.0 -1 44 
8-5 -2 1.0 1.0 1.0 -1 44 
9-5 -2 1.0 1.0 1.0 -1 44 
10-5 -2 1.0 1.0 1.0 -1 44 
11-5 -2 1.0 1.0 1.0 -1 44 
12-5 -2 1.0 1.0 1.0 -1 44 
13-5 -2 1.0 1.0 1.0 -1 44 
14-5 -2 1.0 1.0 1.0 -1 44 
15-5 -2 1.0 1.0 1.0 -1 44 
0-7 -2 1.0 1.0 1.0 -1 44 
2-7 -2 1.0 1.0 1.0 -1 44 
3-7 -2 1.0 1.0 1.0 -1 44 
5-7 -2 1.0 1.0 1.0 -1 44 
7-7 -2 1.0 1.0 1.0 -1 44 
8-7 -2 1.0 1.0 1.0 -1 44 
9-7 -2 1.0 1.0 1.0 -1 44 
10-7 -2 1.0 1.0 1.0 -1 44 
11-7 -2 1.0 1.0 1.0 -1 44 
12-7 -2 1.0 1.0 1.0 -1 44 
13-7 -2 1.0 1.0 1.0 -1 44 
14-7 -2 1.0 1.0 1.0 -1 44 
15-7 -2 1.0 1.0 1.0 -1 44 
0-8 -2 1.0 1.0 1.0 -1 44 
2-8 -2 1.0 1.0 1.0 -1 44 
3-8 -2 1.0 1.0 1.0 -1 44 
5-8 -2 1.0 1.0 1.0 -1 44 
7-8 -2 1.0 1.0 1.0 -1 44 
8-8 -2 1.0 1.0 1.0 -1 44 
9-8 -2 1.0 1.0 1.0 -1 44 
10-8 -2 1.0 1.0 1.0 -1 44 
11-8 -2 1.0 1.0 1.0 -1 44 
12-8 -2 1.0 1.0 1.0 -1 44 
13-8 -2 1.0 1.0 1.0 -1 44 
14-8 -2 1.0 1.0 1.0 -1 44 
15-8 -2 1.0 1.0 1.0 -1 44 
0-9 -2 1.0 1.0 1.0 -1 44 
2-9 -2 1.0 1.0 1.0 -1 44 
3-9 -2 1.0 1.0 1.0 -1 44 
5-9 -2 1.0 1.0 1.0 -1 44 
7-9 -2 1.0 1.0 1.0 -1 44 
8-9 -2 1.0 1.0 1.0 -1 44 
9-9 -2 1.0 1.0 1.0 -1 44 
10-9 -2 1.0 1.0 1.0 -1 44 
11-9 -2 1.0 1.0 1.0 -1 44 
12-9 -2 1.0 1.0 1.0 -1 44 
13-9 -2 1.0 1.0 1.0 -1 44 
14-9 -2 1.0 1.0 1.0 -1 44 
15-9 -2 1.0 1.0 1.0 -1 44 
0-10 -2 1.0 1.0 1.0 -1 44 
2-10 -2 1.0 1.0 1.0 -1 44 
3-10 -2 1.0 1.0 1.0 -1 44 
5-10 -2 1.0 1.0 1.0 -1 44 
7-10 -2 1.0 1.0 1.0 -1 44 
8-10 -2 1.0 1.0 1.0 -1 44 
9-10 -2 1.0 1.0 1.0 -1 44 
10-10 -2 1.0 1.0 1.0 -1 44 
11-10 -2 1.0 1.0 1.0 -1 44 
12-10 -2 1.0 1.0 1.0 -1 44 
13-10 -2 1.0 1.0 1.0 -1 44 
14-10 -2 1.0 1.0 1.0 -1 44 
15-10 -2 1.0 1.0 1.0 -1 44 
0-11 -2 1.0 1.0 1.0 -1 44 
2-11 -2 1.0 1.0 1.0 -1 44 
3-11 -2 1.0 1.0 1.0 -1 44 
5-11 -2 1.0 1.0 1.0 -1 44 
7-11 -2 1.0 1.0 1.0 -1 44 
8-11 -2 1.0 1.0 1.0 -1 44 
9-11 -2 1.0 1.0 1.0 -1 44 
10-11 -2 1.0 1.0 1.0 -1 44 
11-11 -2 1.0 1.0 1.0 -1 44 
12-11 -2 1.0 1.0 1.0 -1 44 
13-11 -2 1.0 1.0 1.0 -1 44 
14-11 -2 1.0 1.0 1.0 -1 44 
15-11 -2 1.0 1.0 1.0 -1 44 
0-12 -2 1.0 1.0 1.0 -1 44 
2-12 -2 1.0 1.0 1.0 -1 44 
3-12 -2 1.0 1.0 1.0 -1 44 
5-12 -2 1.0 1.0 1.0 -1 44 
7-12 -2 1.0 1.0 1.0 -1 44 
8-12 -2 1.0 1.0 1.0 -1 44 
9-12 -2 1.0 1.0 1.0 -1 44 
10-12 -2 1.0 1.0 1.0 -1 44 
11-12 -2 1.0 1.0 1.0 -1 44 
12-12 -2 1.0 1.0 1.0 -1 44 
13-12 -2 1.0 1.0 1.0 -1 44 
14-12 -2 1.0 1.0 1.0 -1 44 
15-12 -2 1.0 1.0 1.0 -1 44 
0-13 -2 1.0 1.0 1.0 -1 44 
2-13 -2 1.0 1.0 1.0 -1 44 
3-13 -2 1.0 1.0 1.0 -1 44 
5-13 -2 1.0 1.0 1.0 -1 44 
7-13 -2 1.0 1.0 1.0 -1 44 
8-13 -2 1.0 1.0 1.0 -1 44 
9-13 -2 1.0 1.0 1.0 -1 44 
10-13 -2 1.0 1.0 1.0 -1 44 
11-13 -2 1.0 1.0 1.0 -1 44 
12-13 -2 1.0 1.0 1.0 -1 44 
13-13 -2 1.0 1.0 1.0 -1 44 
14-13 -2 1.0 1.0 1.0 -1 44 
15-13 -2 1.0 1.0 1.0 -1 44 
0-14 -2 1.0 1.0 1.0 -1 44 
2-14 -2 1.0 1.0 1.0 -1 44 
3-14 -2 1.0 1.0 1.0 -1 44 
5-14 -2 1.0 1.0 1.0 -1 44 
7-14 -2 1.0 1.0 1.0 -1 44 
8-14 -2 1.0 1.0 1.0 -1 44 
9-14 -2 1.0 1.0 1.0 -1 44 
10-14 -2 1.0 1.0 1.0 -1 44 
11-14 -2 1.0 1.0 1.0 -1 44 
12-14 -2 1.0 1.0 1.0 -1 44 
13-14 -2 1.0 1.0 1.0 -1 44 
14-14 -2 1.0 1.0 1.0 -1 44 
15-14 -2 1.0 1.0 1.0 -1 44 
0-15 -2 1.0 1.0 1.0 -1 44 
2-15 -2 1.0 1.0 1.0 -1 44 
3-15 -2 1.0 1.0 1.0 -1 44 
5-15 -2 1.0 1.0 1.0 -1 44 
7-15 -2 1.0 1.0 1.0 -1 44 
8-15 -2 1.0 1.0 1.0 -1 44 
9-15 -2 1.0 1.0 1.0 -1 44 
10-15 -2 1.0 1.0 1.0 -1 44 
11-15 -2 1.0 1.0 1.0 -1 44 
12-15 -2 1.0 1.0 1.0 -1 44 
13-15 -2 1.0 1.0 1.0 -1 44 
14-15 -2 1.0 1.0 1.0 -1 44 
15-15 -2 1.0 1.0 1.0 -1 44 
