0-0 0.4194635306553911,-1,0.06289308176100628,-1,-1,-1,-1,-1,-1,-1,-1 1.0,-1,-1,-1,-1,-1,-1,-1,-1,-1,-1 1.0,1.0,1.0,1.0,1.0,1.0,1.0,1.0,1.0,1.0,1.0 0.18181818181818177 1 44,1,3,1,1,1,1,1,1,1,1 
0-2 0.4194635306553911,-1,0.06289308176100628,-1,-1,-1,-1,-1,-1,-1,-1 1.0,-1,-1,-1,-1,-1,-1,-1,-1,-1,-1 1.0,1.0,1.0,1.0,1.0,1.0,1.0,1.0,1.0,1.0,1.0 0.18181818181818177 1 44,1,3,1,1,1,1,1,1,1,1 
0-3 0.4194635306553911,-1,0.06289308176100628,-1,-1,-1,-1,-1,-1,-1,-1 1.0,-1,-1,-1,-1,-1,-1,-1,-1,-1,-1 1.0,1.0,1.0,1.0,1.0,1.0,1.0,1.0,1.0,1.0,1.0 0.18181818181818177 1 44,1,3,1,1,1,1,1,1,1,1 
0-5 0.4194635306553911,-1,0.06289308176100628,-1,-1,-1,-1,-1,-1,-1,-1 1.0,-1,-1,-1,-1,-1,-1,-1,-1,-1,-1 1.0,1.0,1.0,1.0,1.0,1.0,1.0,1.0,1.0,1.0,1.0 0.18181818181818177 1 44,1,3,1,1,1,1,1,1,1,1 
0-7 0.4194635306553911,-1,0.06289308176100628,-1,-1,-1,-1,-1,-1,-1,-1 1.0,-1,-1,-1,-1,-1,-1,-1,-1,-1,-1 1.0,1.0,1.0,1.0,1.0,1.0,1.0,1.0,1.0,1.0,1.0 0.18181818181818177 1 44,1,3,1,1,1,1,1,1,1,1 
0-8 0.4194635306553911,-1,0.06289308176100628,-1,-1,-1,-1,-1,-1,-1,-1 1.0,-1,-1,-1,-1,-1,-1,-1,-1,-1,-1 1.0,1.0,1.0,1.0,1.0,1.0,1.0,1.0,1.0,1.0,1.0 0.18181818181818177 1 44,1,3,1,1,1,1,1,1,1,1 
0-9 0.4194635306553911,-1,0.06289308176100628,-1,-1,-1,-1,-1,-1,-1,-1 1.0,-1,-1,-1,-1,-1,-1,-1,-1,-1,-1 1.0,1.0,1.0,1.0,1.0,1.0,1.0,1.0,1.0,1.0,1.0 0.18181818181818177 1 44,1,3,1,1,1,1,1,1,1,1 
0-10 0.4194635306553911,-1,0.06289308176100628,-1,-1,-1,-1,-1,-1,-1,-1 1.0,-1,-1,-1,-1,-1,-1,-1,-1,-1,-1 1.0,1.0,1.0,1.0,1.0,1.0,1.0,1.0,1.0,1.0,1.0 0.18181818181818177 1 44,1,3,1,1,1,1,1,1,1,1 
0-11 0.4194635306553911,-1,0.06289308176100628,-1,-1,-1,-1,-1,-1,-1,-1 1.0,-1,-1,-1,-1,-1,-1,-1,-1,-1,-1 1.0,1.0,1.0,1.0,1.0,1.0,1.0,1.0,1.0,1.0,1.0 0.18181818181818177 1 44,1,3,1,1,1,1,1,1,1,1 
0-12 0.4194635306553911,-1,0.06289308176100628,-1,-1,-1,-1,-1,-1,-1,-1 1.0,-1,-1,-1,-1,-1,-1,-1,-1,-1,-1 1.0,1.0,1.0,1.0,1.0,1.0,1.0,1.0,1.0,1.0,1.0 0.18181818181818177 1 44,1,3,1,1,1,1,1,1,1,1 
0-13 0.4194635306553911,-1,0.06289308176100628,-1,-1,-1,-1,-1,-1,-1,-1 1.0,-1,-1,-1,-1,-1,-1,-1,-1,-1,-1 1.0,1.0,1.0,1.0,1.0,1.0,1.0,1.0,1.0,1.0,1.0 0.18181818181818177 1 44,1,3,1,1,1,1,1,1,1,1 
0-14 0.4194635306553911,-1,0.06289308176100628,-1,-1,-1,-1,-1,-1,-1,-1 1.0,-1,-1,-1,-1,-1,-1,-1,-1,-1,-1 1.0,1.0,1.0,1.0,1.0,1.0,1.0,1.0,1.0,1.0,1.0 0.18181818181818177 1 44,1,3,1,1,1,1,1,1,1,1 
0-15 0.4194635306553911,-1,0.06289308176100628,-1,-1,-1,-1,-1,-1,-1,-1 1.0,-1,-1,-1,-1,-1,-1,-1,-1,-1,-1 1.0,1.0,1.0,1.0,1.0,1.0,1.0,1.0,1.0,1.0,1.0 0.18181818181818177 1 44,1,3,1,1,1,1,1,1,1,1 
2-0 0.9228080994963511,0.4237588652482269 1.0,-1 0.9707446808510638,1.0 1.0 1 47,9 
2-2 0.9228080994963511,0.4237588652482269 1.0,-1 0.9707446808510638,1.0 1.0 1 47,9 
2-3 0.9228080994963511,0.4237588652482269 1.0,-1 0.9707446808510638,1.0 1.0 1 47,9 
2-5 0.9228080994963511,0.4237588652482269 1.0,-1 0.9707446808510638,1.0 1.0 1 47,9 
2-7 0.9228080994963511,0.4237588652482269 1.0,-1 0.9707446808510638,1.0 1.0 1 47,9 
2-8 0.9228080994963511,0.4237588652482269 1.0,-1 0.9707446808510638,1.0 1.0 1 47,9 
2-9 0.9228080994963511,0.4237588652482269 1.0,-1 0.9707446808510638,1.0 1.0 1 47,9 
2-10 0.9228080994963511,0.4237588652482269 1.0,-1 0.9707446808510638,1.0 1.0 1 47,9 
2-11 0.9228080994963511,0.4237588652482269 1.0,-1 0.9707446808510638,1.0 1.0 1 47,9 
2-12 0.9228080994963511,0.4237588652482269 1.0,-1 0.9707446808510638,1.0 1.0 1 47,9 
2-13 0.9228080994963511,0.4237588652482269 1.0,-1 0.9707446808510638,1.0 1.0 1 47,9 
2-14 0.9228080994963511,0.4237588652482269 1.0,-1 0.9707446808510638,1.0 1.0 1 47,9 
2-15 0.9228080994963511,0.4237588652482269 1.0,-1 0.9707446808510638,1.0 1.0 1 47,9 
3-0 -2 1.0 0.9503348214285714 1.0 -1 56 
3-2 -2 1.0 0.9503348214285714 1.0 -1 56 
3-3 -2 1.0 0.9503348214285714 1.0 -1 56 
3-5 -2 1.0 0.9503348214285714 1.0 -1 56 
3-7 -2 1.0 0.9503348214285714 1.0 -1 56 
3-8 -2 1.0 0.9503348214285714 1.0 -1 56 
3-9 -2 1.0 0.9503348214285714 1.0 -1 56 
3-10 -2 1.0 0.9503348214285714 1.0 -1 56 
3-11 -2 1.0 0.9503348214285714 1.0 -1 56 
3-12 -2 1.0 0.9503348214285714 1.0 -1 56 
3-13 -2 1.0 0.9503348214285714 1.0 -1 56 
3-14 -2 1.0 0.9503348214285714 1.0 -1 56 
3-15 -2 1.0 0.9503348214285714 1.0 -1 56 
5-0 0.9228080994963511,0.4237588652482269 1.0,-1 0.9707446808510638,1.0 1.0 1 47,9 
5-2 0.9228080994963511,0.4237588652482269 1.0,-1 0.9707446808510638,1.0 1.0 1 47,9 
5-3 0.9228080994963511,0.4237588652482269 1.0,-1 0.9707446808510638,1.0 1.0 1 47,9 
5-5 0.9228080994963511,0.4237588652482269 1.0,-1 0.9707446808510638,1.0 1.0 1 47,9 
5-7 0.9228080994963511,0.4237588652482269 1.0,-1 0.9707446808510638,1.0 1.0 1 47,9 
5-8 0.9228080994963511,0.4237588652482269 1.0,-1 0.9707446808510638,1.0 1.0 1 47,9 
5-9 0.9228080994963511,0.4237588652482269 1.0,-1 0.9707446808510638,1.0 1.0 1 47,9 
5-10 0.9228080994963511,0.4237588652482269 1.0,-1 0.9707446808510638,1.0 1.0 1 47,9 
5-11 0.9228080994963511,0.4237588652482269 1.0,-1 0.9707446808510638,1.0 1.0 1 47,9 
5-12 0.9228080994963511,0.4237588652482269 1.0,-1 0.9707446808510638,1.0 1.0 1 47,9 
5-13 0.9228080994963511,0.4237588652482269 1.0,-1 0.9707446808510638,1.0 1.0 1 47,9 
5-14 0.9228080994963511,0.4237588652482269 1.0,-1 0.9707446808510638,1.0 1.0 1 47,9 
5-15 0.9228080994963511,0.4237588652482269 1.0,-1 0.9707446808510638,1.0 1.0 1 47,9 
7-0 0.9228080994963511,0.4237588652482269 1.0,-1 0.9707446808510638,1.0 1.0 1 47,9 
7-2 0.9228080994963511,0.4237588652482269 1.0,-1 0.9707446808510638,1.0 1.0 1 47,9 
7-3 0.9228080994963511,0.4237588652482269 1.0,-1 0.9707446808510638,1.0 1.0 1 47,9 
7-5 0.9228080994963511,0.4237588652482269 1.0,-1 0.9707446808510638,1.0 1.0 1 47,9 
7-7 0.9228080994963511,0.4237588652482269 1.0,-1 0.9707446808510638,1.0 1.0 1 47,9 
7-8 0.9228080994963511,0.4237588652482269 1.0,-1 0.9707446808510638,1.0 1.0 1 47,9 
7-9 0.9228080994963511,0.4237588652482269 1.0,-1 0.9707446808510638,1.0 1.0 1 47,9 
7-10 0.9228080994963511,0.4237588652482269 1.0,-1 0.9707446808510638,1.0 1.0 1 47,9 
7-11 0.9228080994963511,0.4237588652482269 1.0,-1 0.9707446808510638,1.0 1.0 1 47,9 
7-12 0.9228080994963511,0.4237588652482269 1.0,-1 0.9707446808510638,1.0 1.0 1 47,9 
7-13 0.9228080994963511,0.4237588652482269 1.0,-1 0.9707446808510638,1.0 1.0 1 47,9 
7-14 0.9228080994963511,0.4237588652482269 1.0,-1 0.9707446808510638,1.0 1.0 1 47,9 
7-15 0.9228080994963511,0.4237588652482269 1.0,-1 0.9707446808510638,1.0 1.0 1 47,9 
8-0 0.4194635306553911,0.4237588652482269,0.06289308176100628 1.0,-1,-1 1.0,1.0,1.0 1.0 1 44,9,3 
8-2 0.4194635306553911,0.4237588652482269,0.06289308176100628 1.0,-1,-1 1.0,1.0,1.0 1.0 1 44,9,3 
8-3 0.4194635306553911,0.4237588652482269,0.06289308176100628 1.0,-1,-1 1.0,1.0,1.0 1.0 1 44,9,3 
8-5 0.4194635306553911,0.4237588652482269,0.06289308176100628 1.0,-1,-1 1.0,1.0,1.0 1.0 1 44,9,3 
8-7 0.4194635306553911,0.4237588652482269,0.06289308176100628 1.0,-1,-1 1.0,1.0,1.0 1.0 1 44,9,3 
8-8 0.4194635306553911,0.4237588652482269,0.06289308176100628 1.0,-1,-1 1.0,1.0,1.0 1.0 1 44,9,3 
8-9 0.4194635306553911,0.4237588652482269,0.06289308176100628 1.0,-1,-1 1.0,1.0,1.0 1.0 1 44,9,3 
8-10 0.4194635306553911,0.4237588652482269,0.06289308176100628 1.0,-1,-1 1.0,1.0,1.0 1.0 1 44,9,3 
8-11 0.4194635306553911,0.4237588652482269,0.06289308176100628 1.0,-1,-1 1.0,1.0,1.0 1.0 1 44,9,3 
8-12 0.4194635306553911,0.4237588652482269,0.06289308176100628 1.0,-1,-1 1.0,1.0,1.0 1.0 1 44,9,3 
8-13 0.4194635306553911,0.4237588652482269,0.06289308176100628 1.0,-1,-1 1.0,1.0,1.0 1.0 1 44,9,3 
8-14 0.4194635306553911,0.4237588652482269,0.06289308176100628 1.0,-1,-1 1.0,1.0,1.0 1.0 1 44,9,3 
8-15 0.4194635306553911,0.4237588652482269,0.06289308176100628 1.0,-1,-1 1.0,1.0,1.0 1.0 1 44,9,3 
9-0 0.4194635306553911,0.4237588652482269,0.06289308176100628 1.0,-1,-1 1.0,1.0,1.0 1.0 1 44,9,3 
9-2 0.4194635306553911,0.4237588652482269,0.06289308176100628 1.0,-1,-1 1.0,1.0,1.0 1.0 1 44,9,3 
9-3 0.4194635306553911,0.4237588652482269,0.06289308176100628 1.0,-1,-1 1.0,1.0,1.0 1.0 1 44,9,3 
9-5 0.4194635306553911,0.4237588652482269,0.06289308176100628 1.0,-1,-1 1.0,1.0,1.0 1.0 1 44,9,3 
9-7 0.4194635306553911,0.4237588652482269,0.06289308176100628 1.0,-1,-1 1.0,1.0,1.0 1.0 1 44,9,3 
9-8 0.4194635306553911,0.4237588652482269,0.06289308176100628 1.0,-1,-1 1.0,1.0,1.0 1.0 1 44,9,3 
9-9 0.4194635306553911,0.4237588652482269,0.06289308176100628 1.0,-1,-1 1.0,1.0,1.0 1.0 1 44,9,3 
9-10 0.4194635306553911,0.4237588652482269,0.06289308176100628 1.0,-1,-1 1.0,1.0,1.0 1.0 1 44,9,3 
9-11 0.4194635306553911,0.4237588652482269,0.06289308176100628 1.0,-1,-1 1.0,1.0,1.0 1.0 1 44,9,3 
9-12 0.4194635306553911,0.4237588652482269,0.06289308176100628 1.0,-1,-1 1.0,1.0,1.0 1.0 1 44,9,3 
9-13 0.4194635306553911,0.4237588652482269,0.06289308176100628 1.0,-1,-1 1.0,1.0,1.0 1.0 1 44,9,3 
9-14 0.4194635306553911,0.4237588652482269,0.06289308176100628 1.0,-1,-1 1.0,1.0,1.0 1.0 1 44,9,3 
9-15 0.4194635306553911,0.4237588652482269,0.06289308176100628 1.0,-1,-1 1.0,1.0,1.0 1.0 1 44,9,3 
10-0 0.4194635306553911,0.4237588652482269,0.06289308176100628 1.0,-1,-1 1.0,1.0,1.0 1.0 1 44,9,3 
10-2 0.4194635306553911,0.4237588652482269,0.06289308176100628 1.0,-1,-1 1.0,1.0,1.0 1.0 1 44,9,3 
10-3 0.4194635306553911,0.4237588652482269,0.06289308176100628 1.0,-1,-1 1.0,1.0,1.0 1.0 1 44,9,3 
10-5 0.4194635306553911,0.4237588652482269,0.06289308176100628 1.0,-1,-1 1.0,1.0,1.0 1.0 1 44,9,3 
10-7 0.4194635306553911,0.4237588652482269,0.06289308176100628 1.0,-1,-1 1.0,1.0,1.0 1.0 1 44,9,3 
10-8 0.4194635306553911,0.4237588652482269,0.06289308176100628 1.0,-1,-1 1.0,1.0,1.0 1.0 1 44,9,3 
10-9 0.4194635306553911,0.4237588652482269,0.06289308176100628 1.0,-1,-1 1.0,1.0,1.0 1.0 1 44,9,3 
10-10 0.4194635306553911,0.4237588652482269,0.06289308176100628 1.0,-1,-1 1.0,1.0,1.0 1.0 1 44,9,3 
10-11 0.4194635306553911,0.4237588652482269,0.06289308176100628 1.0,-1,-1 1.0,1.0,1.0 1.0 1 44,9,3 
10-12 0.4194635306553911,0.4237588652482269,0.06289308176100628 1.0,-1,-1 1.0,1.0,1.0 1.0 1 44,9,3 
10-13 0.4194635306553911,0.4237588652482269,0.06289308176100628 1.0,-1,-1 1.0,1.0,1.0 1.0 1 44,9,3 
10-14 0.4194635306553911,0.4237588652482269,0.06289308176100628 1.0,-1,-1 1.0,1.0,1.0 1.0 1 44,9,3 
10-15 0.4194635306553911,0.4237588652482269,0.06289308176100628 1.0,-1,-1 1.0,1.0,1.0 1.0 1 44,9,3 
11-0 0.4194635306553911,0.4237588652482269,0.06289308176100628 1.0,-1,-1 1.0,1.0,1.0 1.0 1 44,9,3 
11-2 0.4194635306553911,0.4237588652482269,0.06289308176100628 1.0,-1,-1 1.0,1.0,1.0 1.0 1 44,9,3 
11-3 0.4194635306553911,0.4237588652482269,0.06289308176100628 1.0,-1,-1 1.0,1.0,1.0 1.0 1 44,9,3 
11-5 0.4194635306553911,0.4237588652482269,0.06289308176100628 1.0,-1,-1 1.0,1.0,1.0 1.0 1 44,9,3 
11-7 0.4194635306553911,0.4237588652482269,0.06289308176100628 1.0,-1,-1 1.0,1.0,1.0 1.0 1 44,9,3 
11-8 0.4194635306553911,0.4237588652482269,0.06289308176100628 1.0,-1,-1 1.0,1.0,1.0 1.0 1 44,9,3 
11-9 0.4194635306553911,0.4237588652482269,0.06289308176100628 1.0,-1,-1 1.0,1.0,1.0 1.0 1 44,9,3 
11-10 0.4194635306553911,0.4237588652482269,0.06289308176100628 1.0,-1,-1 1.0,1.0,1.0 1.0 1 44,9,3 
11-11 0.4194635306553911,0.4237588652482269,0.06289308176100628 1.0,-1,-1 1.0,1.0,1.0 1.0 1 44,9,3 
11-12 0.4194635306553911,0.4237588652482269,0.06289308176100628 1.0,-1,-1 1.0,1.0,1.0 1.0 1 44,9,3 
11-13 0.4194635306553911,0.4237588652482269,0.06289308176100628 1.0,-1,-1 1.0,1.0,1.0 1.0 1 44,9,3 
11-14 0.4194635306553911,0.4237588652482269,0.06289308176100628 1.0,-1,-1 1.0,1.0,1.0 1.0 1 44,9,3 
11-15 0.4194635306553911,0.4237588652482269,0.06289308176100628 1.0,-1,-1 1.0,1.0,1.0 1.0 1 44,9,3 
12-0 0.4194635306553911,0.4237588652482269,0.06289308176100628 1.0,-1,-1 1.0,1.0,1.0 1.0 1 44,9,3 
12-2 0.4194635306553911,0.4237588652482269,0.06289308176100628 1.0,-1,-1 1.0,1.0,1.0 1.0 1 44,9,3 
12-3 0.4194635306553911,0.4237588652482269,0.06289308176100628 1.0,-1,-1 1.0,1.0,1.0 1.0 1 44,9,3 
12-5 0.4194635306553911,0.4237588652482269,0.06289308176100628 1.0,-1,-1 1.0,1.0,1.0 1.0 1 44,9,3 
12-7 0.4194635306553911,0.4237588652482269,0.06289308176100628 1.0,-1,-1 1.0,1.0,1.0 1.0 1 44,9,3 
12-8 0.4194635306553911,0.4237588652482269,0.06289308176100628 1.0,-1,-1 1.0,1.0,1.0 1.0 1 44,9,3 
12-9 0.4194635306553911,0.4237588652482269,0.06289308176100628 1.0,-1,-1 1.0,1.0,1.0 1.0 1 44,9,3 
12-10 0.4194635306553911,0.4237588652482269,0.06289308176100628 1.0,-1,-1 1.0,1.0,1.0 1.0 1 44,9,3 
12-11 0.4194635306553911,0.4237588652482269,0.06289308176100628 1.0,-1,-1 1.0,1.0,1.0 1.0 1 44,9,3 
12-12 0.4194635306553911,0.4237588652482269,0.06289308176100628 1.0,-1,-1 1.0,1.0,1.0 1.0 1 44,9,3 
12-13 0.4194635306553911,0.4237588652482269,0.06289308176100628 1.0,-1,-1 1.0,1.0,1.0 1.0 1 44,9,3 
12-14 0.4194635306553911,0.4237588652482269,0.06289308176100628 1.0,-1,-1 1.0,1.0,1.0 1.0 1 44,9,3 
12-15 0.4194635306553911,0.4237588652482269,0.06289308176100628 1.0,-1,-1 1.0,1.0,1.0 1.0 1 44,9,3 
13-0 0.9228080994963511,0.4237588652482269 1.0,-1 0.9707446808510638,1.0 1.0 1 47,9 
13-2 0.9228080994963511,0.4237588652482269 1.0,-1 0.9707446808510638,1.0 1.0 1 47,9 
13-3 0.9228080994963511,0.4237588652482269 1.0,-1 0.9707446808510638,1.0 1.0 1 47,9 
13-5 0.9228080994963511,0.4237588652482269 1.0,-1 0.9707446808510638,1.0 1.0 1 47,9 
13-7 0.9228080994963511,0.4237588652482269 1.0,-1 0.9707446808510638,1.0 1.0 1 47,9 
13-8 0.9228080994963511,0.4237588652482269 1.0,-1 0.9707446808510638,1.0 1.0 1 47,9 
13-9 0.9228080994963511,0.4237588652482269 1.0,-1 0.9707446808510638,1.0 1.0 1 47,9 
13-10 0.9228080994963511,0.4237588652482269 1.0,-1 0.9707446808510638,1.0 1.0 1 47,9 
13-11 0.9228080994963511,0.4237588652482269 1.0,-1 0.9707446808510638,1.0 1.0 1 47,9 
13-12 0.9228080994963511,0.4237588652482269 1.0,-1 0.9707446808510638,1.0 1.0 1 47,9 
13-13 0.9228080994963511,0.4237588652482269 1.0,-1 0.9707446808510638,1.0 1.0 1 47,9 
13-14 0.9228080994963511,0.4237588652482269 1.0,-1 0.9707446808510638,1.0 1.0 1 47,9 
13-15 0.9228080994963511,0.4237588652482269 1.0,-1 0.9707446808510638,1.0 1.0 1 47,9 
14-0 0.8864296081277213,0.06289308176100628 1.0,-1 0.9780888618381011,1.0 1.0 1 53,3 
14-2 0.8864296081277213,0.06289308176100628 1.0,-1 0.9780888618381011,1.0 1.0 1 53,3 
14-3 0.8864296081277213,0.06289308176100628 1.0,-1 0.9780888618381011,1.0 1.0 1 53,3 
14-5 0.8864296081277213,0.06289308176100628 1.0,-1 0.9780888618381011,1.0 1.0 1 53,3 
14-7 0.8864296081277213,0.06289308176100628 1.0,-1 0.9780888618381011,1.0 1.0 1 53,3 
14-8 0.8864296081277213,0.06289308176100628 1.0,-1 0.9780888618381011,1.0 1.0 1 53,3 
14-9 0.8864296081277213,0.06289308176100628 1.0,-1 0.9780888618381011,1.0 1.0 1 53,3 
14-10 0.8864296081277213,0.06289308176100628 1.0,-1 0.9780888618381011,1.0 1.0 1 53,3 
14-11 0.8864296081277213,0.06289308176100628 1.0,-1 0.9780888618381011,1.0 1.0 1 53,3 
14-12 0.8864296081277213,0.06289308176100628 1.0,-1 0.9780888618381011,1.0 1.0 1 53,3 
14-13 0.8864296081277213,0.06289308176100628 1.0,-1 0.9780888618381011,1.0 1.0 1 53,3 
14-14 0.8864296081277213,0.06289308176100628 1.0,-1 0.9780888618381011,1.0 1.0 1 53,3 
14-15 0.8864296081277213,0.06289308176100628 1.0,-1 0.9780888618381011,1.0 1.0 1 53,3 
15-0 0.8864296081277213,0.06289308176100628 1.0,-1 0.9780888618381011,1.0 1.0 1 53,3 
15-2 0.8864296081277213,0.06289308176100628 1.0,-1 0.9780888618381011,1.0 1.0 1 53,3 
15-3 0.8864296081277213,0.06289308176100628 1.0,-1 0.9780888618381011,1.0 1.0 1 53,3 
15-5 0.8864296081277213,0.06289308176100628 1.0,-1 0.9780888618381011,1.0 1.0 1 53,3 
15-7 0.8864296081277213,0.06289308176100628 1.0,-1 0.9780888618381011,1.0 1.0 1 53,3 
15-8 0.8864296081277213,0.06289308176100628 1.0,-1 0.9780888618381011,1.0 1.0 1 53,3 
15-9 0.8864296081277213,0.06289308176100628 1.0,-1 0.9780888618381011,1.0 1.0 1 53,3 
15-10 0.8864296081277213,0.06289308176100628 1.0,-1 0.9780888618381011,1.0 1.0 1 53,3 
15-11 0.8864296081277213,0.06289308176100628 1.0,-1 0.9780888618381011,1.0 1.0 1 53,3 
15-12 0.8864296081277213,0.06289308176100628 1.0,-1 0.9780888618381011,1.0 1.0 1 53,3 
15-13 0.8864296081277213,0.06289308176100628 1.0,-1 0.9780888618381011,1.0 1.0 1 53,3 
15-14 0.8864296081277213,0.06289308176100628 1.0,-1 0.9780888618381011,1.0 1.0 1 53,3 
15-15 0.8864296081277213,0.06289308176100628 1.0,-1 0.9780888618381011,1.0 1.0 1 53,3 
