00 00 00000003018101 
00 aa 00000003018101 
00 01 00000003018101 
00 aa 00000003018101 
00 02 00000003018101 
00 aa 00000003018101 
00 03 00000003018101 
00 aa 00000003018101 
00 04 00000003018101 
00 aa 00000003018101 
00 05 00000003018101 
00 aa 00000003018101 
00 06 00000003018101 
00 aa 00000003018101 
00 07 00000003018101 
00 aa 00000003018101 
00 08 00000003018101 
00 aa 00000003018101 
00 09 00000003018101 
00 aa 00000003018101 
00 0a 00000003018101 
00 aa 00000003018101 
00 0b 00000003018101 
00 aa 00000003018101 
00 0c 00000003018101 
00 aa 00000003018101 
00 0d 00000003018101 
00 aa 00000003018101 
00 0e 00000003018101 
00 aa 00000003018101 
00 0f 00000003018101 
00 aa 00000003018101 
00 00 00000003018101 
00 aa 00000003018101 
00 01 00000003018101 
00 aa 00000003018101 
00 02 00000003018101 
00 aa 00000003018101 
00 03 00000003018101 
00 aa 00000003018101 
00 04 00000003018101 
00 aa 00000003018101 
00 05 00000003018101 
00 aa 00000003018101 
00 06 00000003018101 
00 aa 00000003018101 
00 07 00000003018101 
00 aa 00000003018101 
00 08 00000003018101 
00 aa 00000003018101 
